00000000
00000030
00000060
00000090
00000120
00000150
00000180
00000210
00000240
00000270
00000300
00000330
00000360
00000390
00000420
00000450
00000480
00000510
00000540
00000570
00000600
00000630
00000654
00000684
00000714
00000744
00000774
00000804
00000834
00000864
00000894
00000924
00000954
00000984
00001014
00001044
00001074
00001104
00001134
00001164
00001194
00001224
00001254
00001284
00001314
00001344
00001374
00001404
00001434
00001464
00001494
00001524
00001554
00001584
00001614
00001644
00001674
00001704
00001734
00001764
00001794
00001824
00001854
00001884
00001914
00001944
00001974
00002004
00002034
00002064
00002094
00002124
00002154
00002184
00002214
00002244
00002274
00002304
00002334
00002364
00002394
00002424
00002454
00002484
00002514
00002544
00002574
00002604
00002634
00002664
00002694
00002724
00002754
00002784
00002814
00002844
00002874
00002904
00002934
00002964
00002994
00003024
00003054
00003084
00003114
00003144
00003174
00003204
00003234
00003264
00003294
00003324
00003354
00003384
00003414
00003444
00003474
00003504
00003534
00003564
00003594
00003624
00003648
00003678
00003708
00003738
00003768
00003798
00003828
00003858
00003888
00003918
00003948
00003978
00004008
00004038
00004068
00004098
00004128
00004158
00004188
00004218
00004248
00004278
00004308
00004338
00004368
00004398
00004428
00004458
00004488
00004518
00004548
00004578
00004608
00004638
00004668
00004698
00004728
00004758
00004788
00004818
00004848
00004878
00004908
00004938
00004968
00004998
00005028
00005058
00005088
00005118
00005148
00005178
00005208
00005238
00005268
00005298
00005328
00005358
00005388
00005418
00005448
00005478
00005508
00005538
00005568
00005598
00005628
00005658
00005688
00005718
00005739
00005769
00005799
00005829
00005859
00005889
00005919
00005949
00005979
00006009
00006039
00006069
00006099
00006129
00006159
00006189
00006219
00006249
00006279
00006309
00006339
00006369
00006399
00006429
00006459
00006489
00006519
00006549
00006579
00006609
00006639
00006669
00006699
00006729
00006759
00006789
00006819
00006849
00006879
00006909
00006939
00006969
00006999
00007029
00007059
00007089
00007119
00007149
00007179
00007209
00007239
00007269
00007299
00007329
00007359
00007389
00007419
00007449
00007479
00007509
00007539
00007569
00007599
00007629
00007659
00007689
00007719
00007749
00007779
00007809
00007839
00007869
00007899
00007929
00007959
00007989
00008019
00008049
00008079
00008109
00008139
00008169
00008199
00008229
00008259
00008289
00008319
00008349
00008379
00008409
00008439
00008469
00008499
00008529
00008559
00008589
00008619
00008649
00008679
00008709
00008739
00008769
00008799
00008829
00008859
00008889
00008919
00008949
00008979
00009009
00009039
00009069
00009099
00009129
00009159
00009189
00009219
00009249
00009279
00009309
00009339
00009369
00009399
00009429
00009459
00009489
00009519
00009549
00009579
00009609
00009639
00009669
00009699
00009729
00009759
00009780
00009810
00009840
00009870
00009900
00009930
00009960
00009990
00010020
00010050
00010080
00010110
00010140
00010170
00010200
00010230
00010260
00010290
00010320
00010350
00010380
00010410
00010440
00010470
00010500
00010530
00010560
00010590
00010620
00010650
00010680
00010710
00010740
00010770
00010800
00010830
00010860
00010890
00010920
00010950
00010980
00011010
00011040
00011070
00011100
00011130
00011160
00011190
00011220
00011250
00011280
00011310
00011340
00011370
00011400
00011430
00011460
00011490
00011520
00011550
00011580
00011610
00011640
00011670
00011700
00011730
00011760
00011790
00011820
00011850
00011880
00011910
00011940
00011970
00012000
00012030
00012060
00012090
00012120
00012150
00012180
00012210
00012240
00012270
00012300
00012330
00012360
00012390
00012420
00012450
00012480
00012510
00012540
00012570
00012600
00012630
00012660
00012690
00012720
00012750
00012780
00012810
00012840
00012870
00012900
00012930
00012960
00012990
00013020
00013050
00013080
00013110
00013140
00013170
00013200
00013230
00013260
00013290
00013320
00013350
00013380
00013410
00013440
00013470
00013500
00013530
00013560
00013590
00013620
00013650
00013680
00013710
00013740
00013770
00013800
00013830
00013860
00013890
00013920
00013950
00013980
00014010
00014040
00014070
00014100
00014130
00014160
00014190
00014220
00014250
00014280
00014310
00014340
00014370
00014400
00014430
00014460
00014490
00014520
00014550
00014580
00014610
00014640
00014670
00014700
00014730
00014760
00014790
00014820
00014850
00014880
00014910
00014940
00014970
00015000
00015030
00015060
00015090
00015120
00015150
00015180
00015210
00015240
00015270
00015300
00015330
00015360
00015390
00015420
00015450
00015480
00015510
00015540
00015570
00015600
00015630
00015660
00015690
00015720
00015750
00015780
00015810
00015840
00015870
00015900
00015930
00015960
00015990
00016020
00016050
00016080
00016110
00016140
00016170
00016200
00016230
00016260
00016290
00016320
00016350
00016380
00016410
00016434
00016464
00016494
00016524
00016554
00016584
00016614
00016644
00016674
00016704
00016734
00016764
00016794
00016824
00016854
00016884
00016914
00016944
00016974
00017004
00017034
00017064
00017094
00017124
00017154
00017184
00017214
00017244
00017274
00017304
00017334
00017364
00017394
00017424
00017454
00017484
00017514
00017544
00017574
00017604
00017634
00017664
00017694
00017724
00017754
00017784
00017814
00017844
00017874
00017904
00017934
00017964
00017994
00018024
00018054
00018084
00018114
00018144
00018174
00018204
00018234
00018264
00018294
00018324
00018354
00018384
00018414
00018444
00018474
00018504
00018534
00018564
00018594
00018624
00018654
00018684
00018714
00018744
00018774
00018804
00018834
00018864
00018894
00018924
00018954
00018984
00019014
00019044
00019074
00019104
00019134
00019164
00019194
00019224
00019254
00019284
00019314
00019344
00019374
00019404
00019434
00019464
00019494
00019524
00019554
00019584
00019614
00019626
00019656
00019686
00019716
00019746
00019776
00019806
00019836
00019866
00019896
00019926
00019956
00019986
00020016
00020046
00020076
00020106
00020136
00020166
00020196
00020226
00020256
00020286
00020316
00020346
00020376
00020406
00020436
00020466
00020496
00020526
00020556
00020586
00020616
00020646
00020676
00020706
00020736
00020766
00020796
00020826
00020856
00020886
00020916
00020946
00020955
00020985
00021015
00021045
00021075
00021105
00021135
00021165
00021195
00021225
00021255
00021285
00021315
00021345
00021375
00021405
00021435
00021465
00021495
00021525
00021555
00021585
00021615
00021645
00021675
00021705
00021735
00021765
00021795
00021825
00021855
00021885
00021915
00021945
00021975
00022005
00022035
00022065
00022095
00022125
00022155
00022185
00022215
00022245
00022275
00022284
00022314
00022344
00022374
00022404
00022434
00022464
00022494
00022524
00022554
00022584
00022614
00022644
00022674
00022704
00022734
00022764
00022794
00022824
00022854
00022884
00022914
00022944
00022974
00023004
00023034
00023064
00023094
00023124
00023154
00023184
00023214
00023244
00023274
00023304
00023334
00023364
00023394
00023424
00023454
00023484
00023514
00023544
00023574
00023604
00023634
00023664
00023694
00023724
00023754
00023784
00023814
00023844
00023874
00023904
00023934
00023964
00023994
00024024
00024054
00024084
00024114
00024144
00024174
00024204
00024234
00024264
00024294
00024324
00024354
00024384
00024414
00024444
00024474
00024504
00024534
00024564
00024594
00024624
00024654
00024684
00024714
00024744
00024774
00024804
00024834
00024864
00024894
00024924
00024954
00024984
00025014
00025044
00025074
00025104
00025134
00025164
00025194
00025224
00025254
00025284
00025314
00025344
00025374
00025404
00025434
00025464
00025494
00025524
00025554
00025584
00025614
00025644
00025674
00025704
00025734
00025764
00025794
00025824
00025854
00025884
00025914
00025944
00025974
00026004
00026034
00026064
00026094
00026124
00026154
00026184
00026214
00026244
00026274
00026304
00026334
00026364
00026394
00026424
00026454
00026484
00026514
00026544
00026574
00026604
00026634
00026664
00026694
00026724
00026754
00026784
00026814
00026844
00026874
00026904
00026934
00026964
00026994
00027024
00027054
00027084
00027114
00027144
00027174
00027204
00027234
00027264
00027294
00027324
00027354
00027384
00027414
00027444
00027474
00027504
00027534
00027564
00027594
00027624
00027654
00027684
00027714
00027744
00027774
00027804
00027834
00027864
00027894
00027924
00027954
00027984
00028014
00028044
00028074
00028104
00028134
00028164
00028194
00028224
00028254
00028284
00028314
00028344
00028374
00028404
00028434
00028464
00028494
00028524
00028554
00028584
00028614
00028644
00028674
00028704
00028734
00028764
00028794
00028824
00028854
00028884
00028914
00028944
00028974
00029004
00029034
00029064
00029094
00029124
00029154
00029184
00029214
00029244
00029274
00029304
00029334
00029364
00029394
00029424
00029454
00029484
00029514
00029544
00029574
00029604
00029634
00029664
00029694
00029724
00029754
00029784
00029814
00029844
00029874
00029904
00029934
00029964
00029994
00030024
00030054
00030084
00030114
00030144
00030174
00030204
00030234
00030264
00030294
00030324
00030354
00030384
00030414
00030444
00030474
00030504
00030534
00030564
00030594
00030624
00030654
00030684
00030714
00030744
00030774
00030804
00030834
00030864
00030894
00030924
00030954
00030984
00031014
00031044
00031074
00031104
00031134
00031164
00031194
00031224
00031254
00031284
00031314
00031344
00031374
00031404
00031434
00031464
00031494
00031524
00031554
00031584
00031614
00031644
00031674
00031704
00031734
00031764
00031794
00031824
00031854
00031884
00031914
00031944
00031974
00032004
00032034
00032064
00032094
00032124
00032154
00032184
00032214
00032244
00032274
00032304
00032334
00032364
00032394
00032424
00032454
00032484
00032514
00032544
00032574
00032604
00032634
00032664
00032694
00032724
00032754
00032784
00032814
00032844
00032874
00032904
00032934
00032964
00032994
00033024
00033054
00033084
00033114
00033144
00033174
00033204
00033234
00033264
00033294
00033324
00033354
00033384
00033414
00033444
00033474
00033504
00033534
00033564
00033594
00033624
00033654
00033684
00033714
00033744
00033774
00033804
00033834
00033864
00033894
00033924
00033954
00033984
00034014
00034044
00034074
00034104
00034134
00034164
00034194
00034224
00034254
00034284
00034314
00034344
00034374
00034404
00034434
00034464
