00000000
00000030
00000060
00000090
00000120
00000150
00000180
00000210
00000240
00000252
00000282
00000312
00000342
00000372
00000402
00000432
00000462
00000492
00000522
00000552
00000582
00000612
00000642
00000672
00000702
00000732
00000762
00000792
00000822
00000852
00000882
00000912
00000942
00000972
00001002
00001032
00001062
00001092
00001122
00001152
00001182
00001212
00001242
00001272
00001302
00001332
00001362
00001392
00001422
00001452
00001482
00001512
00001542
00001572
00001602
00001632
00001662
00001692
00001722
00001737
00001767
00001797
00001827
00001857
00001887
00001917
00001947
00001977
00002007
00002037
00002067
00002097
00002127
00002157
00002187
00002217
00002247
00002277
00002307
00002337
00002367
00002397
00002427
00002457
00002487
00002517
00002547
00002577
00002607
00002637
00002667
00002697
00002703
00002733
00002763
00002793
00002823
00002853
00002883
00002913
00002943
00002973
00003003
00003033
00003063
00003093
00003123
00003153
00003183
00003213
00003243
00003273
00003303
00003333
00003363
00003393
00003423
00003453
00003483
00003513
00003543
00003573
00003603
00003633
00003663
00003693
00003723
00003753
00003783
00003813
00003843
00003873
00003903
00003933
00003963
00003993
00004023
00004053
00004083
00004113
00004143
00004173
00004203
00004233
00004263
00004293
00004323
00004353
00004383
00004413
00004443
00004473
00004503
00004533
00004563
00004593
00004623
00004653
00004683
00004713
00004743
00004773
00004803
00004833
00004863
00004893
00004923
00004953
00004983
00005013
00005043
00005073
00005103
00005133
00005163
00005193
00005223
00005253
00005283
00005313
00005343
00005373
00005403
00005433
00005463
00005493
00005523
00005547
00005577
00005607
00005637
00005667
00005697
00005727
00005757
00005787
00005817
00005847
00005877
00005907
00005937
00005967
00005997
00006027
00006057
00006087
00006117
00006147
00006177
00006207
00006237
00006267
00006297
00006327
00006357
00006387
00006417
00006447
00006477
00006507
00006537
00006567
00006597
00006627
00006657
00006687
00006717
00006747
00006777
00006807
00006837
00006867
00006897
00006927
00006957
00006987
00007017
00007047
00007077
00007107
00007137
00007167
00007197
00007227
00007257
00007287
00007317
00007347
00007377
00007407
00007437
00007467
00007497
00007527
00007557
00007587
00007617
00007647
00007677
00007707
00007737
00007767
00007797
00007827
00007857
00007887
00007917
00007947
00007977
00008007
00008037
00008067
00008097
00008127
00008157
00008187
00008217
00008247
00008277
00008307
00008337
00008367
00008397
00008427
00008457
00008487
00008517
00008547
00008577
00008607
00008637
00008667
00008697
00008727
00008757
00008787
00008817
00008847
00008877
00008907
00008937
00008967
00008997
00009027
00009057
00009087
00009111
00009141
00009171
00009201
00009231
00009261
00009291
00009321
00009351
00009381
00009411
00009441
00009471
00009501
00009531
00009561
00009591
00009621
00009651
00009681
00009711
00009741
00009771
00009801
00009831
00009861
00009891
00009921
00009951
00009981
00010011
00010041
00010071
00010101
00010131
00010161
00010191
00010221
00010251
00010281
00010311
00010341
00010371
00010401
00010431
00010461
00010491
00010521
00010551
00010581
00010611
00010641
00010671
00010701
00010731
00010761
00010791
00010821
00010851
00010881
00010911
00010941
00010971
00011001
00011031
00011061
00011091
00011121
00011151
00011181
00011211
00011241
00011271
00011301
00011331
00011361
00011391
00011421
00011451
00011481
00011511
00011541
00011571
00011601
00011631
00011661
00011691
00011721
00011751
00011754
00011784
00011814
00011844
00011874
00011904
00011934
00011964
00011994
00012024
00012054
00012084
00012114
00012144
00012174
00012204
00012234
00012264
00012294
00012324
00012354
00012384
00012414
00012444
00012474
00012504
00012534
00012564
00012594
00012624
00012654
00012684
00012714
00012744
00012774
00012804
00012834
00012864
00012894
00012924
00012954
00012984
00013014
00013044
00013074
00013104
00013134
00013164
00013194
00013224
00013254
00013284
00013314
00013344
00013374
00013404
00013434
00013464
00013494
00013524
00013554
00013584
00013614
00013644
00013674
00013704
00013734
00013755
00013785
00013815
00013845
00013875
00013905
00013935
00013965
00013995
00014025
00014055
00014085
00014115
00014145
00014175
00014205
00014235
00014265
00014277
00014307
00014337
00014367
00014397
00014427
00014457
00014487
00014517
00014547
00014577
00014607
00014637
00014667
00014697
00014727
00014757
00014787
00014817
00014847
00014877
00014907
00014937
00014967
00014997
00015027
00015057
00015087
00015117
00015147
00015177
00015207
00015237
00015267
00015297
00015327
00015357
00015387
00015417
00015447
00015477
00015507
00015537
00015567
00015597
00015627
00015657
00015687
00015717
00015747
00015777
00015807
00015837
00015867
00015897
00015927
00015957
00015987
00016017
00016047
00016077
00016107
00016137
00016167
00016197
00016227
00016257
00016287
00016317
00016347
00016377
00016407
00016437
00016467
00016497
00016527
00016557
00016587
00016617
00016647
00016677
00016707
00016737
00016767
00016797
00016827
00016857
00016887
00016917
00016947
00016977
00017007
00017037
00017067
00017097
00017103
00017133
00017163
00017193
00017223
00017253
00017283
00017313
00017343
00017373
00017403
00017433
00017463
00017493
00017523
00017553
00017583
00017613
00017643
00017673
00017703
00017733
00017763
00017793
00017823
00017853
00017871
00017901
00017931
00017961
00017991
00018021
00018051
00018081
00018111
00018141
00018171
00018201
00018231
00018261
00018291
00018321
00018351
00018381
00018411
00018441
00018471
00018501
00018531
00018561
00018591
00018621
00018651
00018681
00018711
00018741
00018771
00018801
00018831
00018861
00018891
00018921
00018951
00018981
00019011
00019041
00019071
00019101
00019131
00019161
00019191
00019221
00019251
00019281
00019311
00019341
00019371
00019401
00019431
00019461
00019491
00019521
00019551
00019581
00019611
00019641
00019671
00019701
00019731
00019761
00019791
00019821
00019830
00019860
00019890
00019920
00019950
00019980
00020010
00020040
00020070
00020100
00020130
00020160
00020190
00020220
00020250
00020280
00020310
00020340
00020370
00020400
00020430
00020460
00020490
00020520
00020550
00020580
00020610
00020640
00020670
00020700
00020730
00020760
00020790
00020820
00020850
00020880
00020910
00020940
00020970
00021000
00021030
00021060
00021090
00021120
00021150
00021180
00021210
00021240
00021270
00021300
00021330
00021360
00021390
00021420
00021450
00021480
00021510
00021540
00021570
00021600
00021630
00021660
00021690
00021720
00021750
00021780
00021810
00021840
00021870
00021900
00021930
00021960
00021990
00022020
00022050
00022080
00022110
00022140
00022170
00022200
00022230
00022260
00022290
00022320
00022350
00022380
00022410
00022440
00022470
00022500
00022530
00022560
00022590
00022620
00022650
00022680
00022710
00022740
00022770
00022800
00022830
00022860
00022890
00022920
00022950
00022980
00023010
00023040
00023070
00023100
00023130
00023160
00023190
00023220
00023250
00023280
00023310
00023340
00023370
00023400
00023430
00023460
00023490
00023520
00023550
00023580
00023610
00023640
00023670
00023700
00023730
00023760
00023790
00023820
00023850
00023880
00023910
00023940
00023970
00024000
00024030
00024060
00024090
00024120
00024150
00024180
00024210
00024240
00024270
00024300
00024330
00024360
00024390
00024420
00024450
00024480
00024510
00024540
00024570
00024597
00024627
00024657
00024687
00024717
00024747
00024777
00024807
00024837
00024867
00024897
00024927
00024957
00024987
00025017
00025047
00025053
00025083
00025113
00025143
00025173
00025203
00025233
00025263
00025293
