00000000
00000030
00000060
00000090
00000120
00000150
00000180
00000210
00000240
00000270
00000300
00000330
00000360
00000390
00000420
00000450
00000480
00000510
00000540
00000570
00000600
00000630
00000660
00000690
00000720
00000750
00000780
00000810
00000840
00000870
00000900
00000930
00000960
00000990
00001020
00001050
00001080
00001110
00001140
00001170
00001200
00001230
00001260
00001290
00001320
00001350
00001380
00001410
00001440
00001470
00001500
00001530
00001560
00001590
00001620
00001650
00001680
00001710
00001740
00001770
00001800
00001830
00001860
00001890
00001920
00001950
00001980
00002010
00002040
00002070
00002100
00002130
00002160
00002190
00002220
00002250
00002280
00002310
00002340
00002370
00002400
00002430
00002460
00002490
00002520
00002550
00002580
00002610
00002640
00002670
00002700
00002730
00002760
00002790
00002820
00002850
00002880
00002910
00002940
00002970
00003000
00003030
00003060
00003090
00003120
00003150
00003180
00003210
00003240
00003270
00003300
00003330
00003360
00003390
00003420
00003450
00003480
00003510
00003540
00003570
00003600
00003630
00003660
00003690
00003720
00003750
00003780
00003810
00003840
00003870
00003900
00003930
00003960
00003990
00004020
00004050
00004080
00004110
00004140
00004170
00004200
00004230
00004260
00004290
00004320
00004350
00004380
00004410
00004440
00004470
00004500
00004530
00004560
00004590
00004620
00004650
00004680
00004710
00004740
00004770
00004800
00004830
00004860
00004890
00004920
00004950
00004980
00005010
00005040
00005070
00005100
00005130
00005160
00005190
00005220
00005250
00005280
00005310
00005340
00005370
00005400
00005430
00005460
00005490
00005520
00005550
00005580
00005610
00005640
00005670
00005700
00005730
00005760
00005790
00005820
00005850
00005880
00005910
00005940
00005970
00006000
00006030
00006060
00006090
00006120
00006150
00006180
00006210
00006240
00006270
00006300
00006330
00006360
00006390
00006420
00006450
00006480
00006510
00006540
00006570
00006600
00006630
00006660
00006690
00006720
00006750
00006780
00006810
00006840
00006870
00006900
00006930
00006960
00006990
00007020
00007050
00007080
00007110
00007140
00007170
00007200
00007230
00007260
00007290
00007320
00007350
00007380
00007410
00007440
00007470
00007500
00007530
00007560
00007590
00007620
00007650
00007680
00007710
00007740
00007770
00007800
00007830
00007860
00007890
00007920
00007950
00007980
00008010
00008040
00008070
00008100
00008130
00008160
00008190
00008220
00008250
00008280
00008310
00008340
00008370
00008400
00008430
00008460
00008490
00008520
00008550
00008580
00008610
00008640
00008670
00008700
00008730
00008760
00008790
00008820
00008850
00008880
00008910
00008940
00008970
00009000
00009030
00009060
00009090
00009120
00009150
00009180
00009210
00009240
00009270
00009300
00009330
00009360
00009390
00009420
00009450
00009480
00009510
00009540
00009570
00009600
00009630
00009660
00009690
00009720
00009750
00009780
00009810
00009840
00009870
00009900
00009930
00009960
00009990
00010020
00010050
00010080
00010110
00010140
00010170
00010200
00010230
00010260
00010290
00010320
00010350
00010380
00010410
00010440
00010470
00010500
00010530
00010560
00010590
00010620
00010650
00010680
00010710
00010740
00010770
00010800
00010830
00010860
00010890
00010920
00010950
00010980
00011010
00011040
00011070
00011100
00011130
00011160
00011190
00011220
00011250
00011280
00011310
00011340
00011370
00011400
00011430
00011460
00011490
00011520
00011550
00011580
00011610
00011640
00011670
00011700
00011730
00011760
00011790
00011820
00011850
00011880
00011910
00011940
00011970
00012000
00012030
00012060
00012090
00012120
00012150
00012180
00012210
00012240
00012270
00012300
00012330
00012360
00012390
00012420
00012450
00012480
00012510
00012540
00012570
00012600
00012630
00012660
00012690
00012720
00012750
00012780
00012810
00012840
00012870
00012900
00012930
00012960
00012990
00013020
00013050
00013080
00013110
00013140
00013170
00013200
00013230
00013260
00013290
00013320
00013350
00013380
00013410
00013440
00013470
00013500
00013530
00013560
00013590
00013620
00013650
00013680
00013710
00013740
00013770
00013800
00013830
00013860
00013890
00013920
00013950
00013980
00014010
00014040
00014070
00014100
00014130
00014160
00014190
00014220
00014250
00014280
00014310
00014340
00014370
00014400
00014430
00014460
00014490
00014520
00014550
00014580
00014610
00014640
00014670
00014700
00014730
00014760
00014790
00014820
00014850
00014880
00014910
00014940
00014970
00015000
00015030
00015060
00015090
00015120
00015150
00015180
00015210
00015240
00015270
00015300
00015330
00015360
00015390
00015420
00015450
00015480
00015510
00015540
00015570
00015600
00015630
00015660
00015690
00015720
00015750
00015780
00015810
00015840
00015870
00015900
00015930
00015960
00015990
00016020
00016050
00016080
00016110
00016140
00016170
00016200
00016230
00016260
00016290
00016320
00016350
00016380
00016410
00016440
00016470
00016500
00016530
00016560
00016590
00016620
00016650
00016680
00016710
00016740
00016770
00016800
00016830
00016860
00016890
00016920
00016950
00016980
00017010
00017040
00017070
00017100
00017130
00017160
00017190
00017220
00017250
00017280
00017310
00017340
00017370
00017400
00017430
00017460
00017490
00017520
00017550
00017580
00017610
00017640
00017670
00017700
00017730
00017760
00017790
00017820
00017850
00017880
00017910
00017940
00017970
00018000
00018030
00018060
00018090
00018120
00018150
00018180
00018210
00018240
00018270
00018300
00018330
00018360
00018390
00018420
00018450
00018480
00018510
00018540
00018570
00018600
00018630
00018660
00018690
00018720
00018750
00018780
00018810
00018840
00018870
00018900
00018930
00018960
00018990
00019020
00019050
00019080
00019110
00019140
00019170
00019200
00019230
00019260
00019290
00019320
00019350
00019380
00019410
00019440
00019470
00019500
00019530
00019560
00019590
00019620
00019650
00019680
00019710
00019740
00019770
00019800
00019830
00019860
00019890
00019920
00019950
00019980
00020010
00020040
00020070
00020100
00020130
00020160
00020190
00020220
00020250
00020280
00020310
00020337
00020367
00020397
00020427
00020457
00020487
00020517
00020547
00020577
00020607
00020637
00020667
00020697
00020727
00020757
00020787
00020817
00020847
00020877
00020907
00020937
00020967
00020997
00021027
00021057
00021087
00021117
00021147
00021177
00021207
00021237
00021267
00021297
00021327
00021357
00021387
00021417
00021447
00021477
00021507
00021537
00021567
00021597
00021627
00021657
00021687
00021717
00021747
00021777
00021807
00021837
00021867
00021897
00021927
00021957
00021987
00022017
00022047
00022077
00022107
00022137
00022167
00022197
00022227
00022257
00022287
00022317
00022347
00022377
00022407
00022437
00022467
00022497
00022527
00022557
00022587
00022617
00022647
00022677
00022707
00022737
00022767
00022797
00022827
00022857
00022887
00022917
00022947
00022977
00023007
00023037
00023067
00023097
00023127
00023157
00023187
00023217
00023247
00023277
00023307
00023337
00023367
00023397
00023427
00023457
00023487
00023517
00023547
00023577
00023607
00023637
00023667
00023697
00023727
00023757
00023787
00023817
00023847
00023877
00023907
00023937
00023967
00023997
00024027
00024057
00024087
00024117
00024147
00024177
00024207
00024237
00024267
00024297
00024327
00024357
00024387
00024417
00024447
00024477
00024507
00024537
00024567
00024597
00024627
00024657
00024687
00024717
00024747
00024777
00024807
00024837
00024867
00024897
00024927
00024957
00024987
00025017
00025047
00025077
00025107
00025137
00025167
00025197
00025227
00025257
00025287
00025317
00025347
00025377
00025407
00025437
00025440
00025470
00025500
00025530
00025560
00025590
00025620
00025650
00025680
00025710
00025740
00025770
00025800
00025830
00025860
00025890
00025920
00025950
00025980
00026010
00026040
00026070
00026100
00026130
00026160
00026190
00026220
00026250
00026280
00026310
00026340
00026370
00026400
00026430
00026460
00026490
00026520
00026550
00026580
00026610
00026640
00026670
00026700
00026730
00026760
00026790
00026820
00026850
00026880
00026910
00026940
00026970
00027000
00027030
00027060
00027090
00027120
00027150
00027180
00027210
00027240
00027270
00027300
00027330
00027360
00027390
00027420
00027450
00027480
00027510
00027540
00027570
00027600
00027630
00027660
00027690
00027720
00027750
00027780
00027810
00027840
00027870
00027900
00027930
00027960
00027990
00028020
00028050
00028080
00028110
00028140
00028170
00028200
00028230
00028260
00028290
00028320
00028350
00028380
00028410
00028440
00028470
00028500
00028530
00028560
00028590
00028620
00028650
00028680
00028710
00028740
00028770
00028800
00028830
00028860
00028890
00028920
00028950
00028980
00029010
00029040
00029070
00029100
00029130
00029160
00029190
00029220
00029250
00029280
00029310
00029340
00029370
00029400
00029430
00029460
00029490
00029520
00029550
00029580
00029610
00029640
00029670
00029700
00029730
00029760
00029790
00029820
00029850
00029880
00029910
00029940
00029970
00030000
00030030
00030060
00030090
00030120
00030150
00030180
00030210
00030240
00030270
00030300
00030330
00030360
00030390
00030420
00030450
00030480
00030510
00030540
00030570
00030600
00030630
00030660
00030690
00030720
00030750
00030780
00030810
00030840
00030870
00030900
00030930
00030960
00030990
00031020
00031050
00031080
00031110
00031140
00031170
00031200
00031230
00031260
00031290
00031320
00031350
00031380
00031410
00031440
00031470
00031500
00031530
00031560
00031590
00031620
00031650
00031680
00031710
00031740
00031770
00031800
00031830
00031860
00031890
00031920
00031950
00031980
00032010
00032040
00032070
00032100
00032130
00032160
00032190
00032220
00032250
00032280
00032310
00032340
00032370
00032400
00032430
00032460
00032490
00032520
00032550
00032580
00032610
00032640
00032670
00032700
00032730
00032760
00032790
00032820
00032850
00032880
00032910
00032940
00032970
00033000
00033030
00033060
00033090
00033120
00033150
00033180
00033210
00033240
00033270
00033300
00033330
00033360
00033390
00033420
00033450
00033480
00033510
00033540
00033570
00033600
00033630
00033660
00033690
00033720
00033750
00033780
00033810
00033840
00033870
00033900
00033930
00033960
00033990
00034020
00034050
00034080
00034110
00034140
00034170
00034200
00034230
00034260
00034290
00034320
00034350
00034380
00034410
00034440
00034470
00034500
00034530
00034560
00034590
00034620
00034650
00034680
00034710
00034740
00034770
00034800
00034830
00034860
00034890
00034920
00034950
00034980
00035010
00035040
00035070
00035100
00035130
00035160
00035190
00035220
00035250
00035280
00035310
00035340
00035370
00035400
00035430
00035460
00035490
00035520
00035550
00035580
00035610
00035640
00035670
00035700
00035730
00035760
00035790
00035820
00035850
00035880
00035910
00035940
00035970
00036000
00036030
00036060
00036090
00036120
00036150
00036180
00036210
00036240
00036270
00036300
00036330
00036360
00036390
00036420
00036450
00036480
00036510
00036540
00036570
00036600
00036630
00036660
00036690
00036720
00036750
00036780
00036810
00036840
00036870
00036900
00036930
00036960
00036990
00037020
00037050
00037080
00037110
00037140
00037170
00037200
00037230
00037260
00037290
00037320
00037350
00037380
00037410
00037440
00037470
00037500
00037530
00037560
00037590
00037620
00037650
00037680
00037710
00037740
00037770
00037800
00037830
00037860
00037890
00037920
00037950
00037980
00038010
00038040
00038070
00038100
00038130
00038160
00038190
00038220
00038250
00038280
00038310
00038340
00038370
00038400
00038430
00038460
00038490
00038520
00038550
00038580
00038610
00038640
00038670
00038700
00038730
00038760
00038790
00038820
00038850
00038880
00038910
00038940
00038970
00039000
00039030
00039060
00039090
00039120
00039150
00039180
00039204
00039234
00039264
00039294
00039324
00039354
00039384
00039414
00039444
00039474
00039504
00039534
00039564
00039594
00039624
00039654
00039684
00039714
00039744
00039774
00039804
00039834
00039864
00039894
00039924
00039954
00039984
00040014
00040044
00040074
00040104
00040134
00040164
00040194
00040224
00040254
00040284
00040314
00040344
00040374
00040404
00040434
00040464
00040494
00040524
00040554
00040581
00040611
00040641
00040671
00040701
00040731
00040761
00040791
00040821
00040851
00040881
00040911
00040941
00040971
00041001
00041031
00041061
00041091
00041121
00041151
00041181
00041211
00041241
00041271
00041301
00041331
00041361
00041391
00041421
00041451
00041481
00041511
00041541
00041571
00041601
00041631
00041661
00041691
00041721
00041751
00041781
00041811
00041841
00041871
00041901
00041931
00041961
00041991
00042021
00042051
00042081
00042111
00042141
00042171
00042201
00042231
00042261
00042291
00042321
00042351
00042381
00042411
00042441
00042471
00042501
00042531
00042561
00042591
00042594
00042624
00042654
00042684
00042714
00042744
00042774
00042804
00042834
00042864
00042894
00042924
00042954
00042984
00043014
00043044
00043074
00043104
00043134
00043164
00043194
00043224
00043254
00043284
00043314
00043344
00043374
00043404
00043434
00043464
00043494
00043524
00043554
00043584
00043614
00043644
00043674
00043704
00043734
00043764
00043794
00043824
00043854
00043884
00043914
00043944
00043974
00044004
00044034
00044064
00044094
00044124
00044154
00044184
00044214
00044244
00044274
00044304
00044334
00044364
00044394
00044424
00044454
00044484
00044514
00044544
00044574
00044604
00044634
00044664
00044694
00044724
00044754
00044784
00044814
00044844
00044865
00044895
00044925
00044955
00044985
00045015
00045045
00045075
00045105
00045135
00045165
00045195
00045225
00045255
00045285
00045315
00045345
00045375
00045405
00045435
00045465
00045495
00045525
00045555
00045585
00045615
00045645
00045675
00045705
00045735
00045765
00045795
00045825
00045855
00045885
00045915
00045945
00045975
00046005
00046035
00046065
00046095
00046125
00046155
00046185
00046215
00046245
00046275
00046305
00046335
00046365
00046395
00046425
00046455
00046485
00046515
00046545
00046575
00046605
00046635
00046665
00046695
00046725
00046755
00046785
00046815
00046845
00046875
00046905
00046935
00046965
00046995
00047025
00047055
00047085
00047115
00047145
00047175
00047205
00047235
00047265
00047295
00047325
00047355
00047385
00047415
00047445
00047475
00047505
00047535
00047565
00047595
00047625
00047655
00047685
00047715
00047745
00047775
00047805
00047835
00047865
00047895
00047925
00047955
00047985
00048015
00048045
00048075
00048105
00048135
00048165
00048195
00048225
00048255
00048285
00048315
00048345
00048375
00048405
00048435
00048465
00048495
00048525
00048555
00048585
00048615
00048645
00048675
00048705
00048735
00048765
00048795
00048825
00048855
00048885
00048915
00048945
00048975
00049005
00049035
00049065
00049095
00049125
00049155
00049185
00049215
00049245
00049275
00049305
00049335
00049365
00049395
00049425
00049455
00049485
00049515
00049545
00049575
00049605
00049635
00049665
00049695
00049725
00049755
00049785
00049815
00049845
00049875
00049905
00049935
00049965
00049995
00050025
00050055
00050085
00050115
00050145
00050175
00050205
00050235
00050265
00050295
00050325
00050355
00050385
00050415
00050445
00050475
00050505
00050535
00050565
00050595
00050625
00050655
00050685
00050715
00050745
00050775
00050805
00050835
00050865
00050895
00050925
00050955
00050985
00051015
00051045
00051075
00051105
00051135
00051165
00051195
00051225
00051255
00051285
00051315
00051345
00051375
00051405
00051435
00051465
00051495
00051525
00051555
00051585
00051615
00051645
00051675
00051705
00051735
00051765
00051795
00051825
00051855
00051885
00051915
00051945
00051975
00052005
00052035
00052065
00052095
00052125
00052155
00052185
00052215
00052245
00052275
00052305
00052335
00052365
00052395
00052425
00052455
00052485
00052515
00052545
00052575
00052605
00052635
00052665
00052695
00052725
00052755
00052785
00052815
00052845
00052875
00052905
00052935
00052965
00052995
00053025
00053055
00053085
00053115
00053145
00053175
00053205
00053235
00053265
00053295
00053325
00053355
00053385
00053415
00053445
00053475
00053505
00053535
00053565
00053595
00053625
00053655
00053685
00053715
00053745
00053775
00053805
00053835
00053865
00053895
00053925
00053955
00053985
00054015
00054045
00054075
00054105
00054135
00054165
00054195
00054225
00054255
00054285
00054315
00054345
00054375
00054405
00054435
00054465
00054495
00054525
00054555
00054585
00054615
00054645
00054675
00054705
00054735
00054765
00054795
00054825
00054855
00054885
00054915
00054945
00054975
00055005
00055035
00055065
00055095
00055125
00055155
00055185
00055215
00055245
00055275
00055305
00055335
00055365
00055395
00055425
00055455
00055485
00055515
00055545
00055575
00055605
00055635
00055665
00055695
00055725
00055755
00055785
00055815
00055845
00055875
00055905
00055935
00055965
00055995
00056025
00056055
00056085
00056115
00056145
00056175
00056205
00056235
00056265
00056295
00056325
00056355
00056385
00056415
00056445
00056475
00056505
00056535
00056565
00056595
00056625
00056655
00056685
00056715
00056745
00056775
00056805
00056835
00056865
00056895
00056925
00056955
00056985
00057015
00057045
00057075
00057105
00057135
00057165
00057195
00057225
00057255
00057285
00057315
00057345
00057375
00057405
00057435
00057465
00057495
00057525
00057555
00057585
00057615
00057645
00057675
00057705
00057735
00057765
00057795
00057825
00057855
00057885
00057915
00057945
00057975
00058005
00058035
00058065
00058095
00058125
00058155
00058185
00058215
00058245
00058275
00058305
00058335
00058365
00058395
00058425
00058455
00058485
00058515
00058545
00058575
00058605
00058635
00058665
00058695
00058725
00058755
00058785
00058815
00058845
00058875
00058905
00058935
00058965
00058995
00059025
00059055
00059085
00059115
00059145
00059175
00059205
00059235
00059265
00059295
00059325
00059355
00059385
00059415
00059445
00059475
00059505
00059535
00059565
00059595
00059625
00059655
00059685
00059715
00059745
00059775
00059805
00059835
00059865
00059895
00059925
00059955
00059985
00060015
00060045
00060075
00060105
00060135
00060165
00060195
00060225
00060255
00060285
00060315
00060345
00060375
00060405
00060435
00060465
00060495
00060525
00060555
00060585
00060615
00060645
00060675
00060705
00060735
00060765
00060795
00060825
00060855
00060885
00060915
00060945
00060975
00061005
00061035
00061065
00061095
00061125
00061155
00061185
00061215
00061245
00061275
00061305
00061335
00061365
00061395
00061425
00061455
00061485
00061515
00061545
00061575
00061605
00061635
00061665
00061695
00061725
00061755
00061785
00061815
00061845
00061875
00061905
00061935
00061965
00061995
00062025
00062055
00062085
00062115
00062145
00062175
00062205
00062235
00062265
00062295
00062325
00062355
00062385
00062415
00062445
00062475
00062505
00062535
00062565
00062595
00062625
00062655
00062685
00062715
00062745
00062775
00062805
00062835
00062865
00062895
00062925
00062955
00062985
00063015
00063045
00063075
00063105
00063135
00063165
00063195
00063225
00063255
00063285
00063315
00063345
00063375
00063405
00063435
00063465
00063495
00063525
00063555
00063585
00063615
00063645
00063675
00063705
00063735
00063765
00063795
00063825
00063855
00063885
00063915
00063945
00063975
00064005
00064035
00064065
00064095
00064125
00064155
00064185
00064215
00064245
00064275
00064305
00064335
00064365
00064395
00064425
00064455
00064485
00064515
00064545
00064575
00064605
00064635
00064665
00064695
00064725
00064755
00064785
00064815
00064845
00064875
00064905
00064935
00064965
00064995
00065025
00065055
00065085
00065115
00065145
00065175
00065205
00065235
00065265
00065295
00065325
00065355
00065385
00065415
00065445
00065475
00065505
00065535
00065565
00065595
00065625
00065655
00065685
00065715
00065745
00065775
00065805
00065835
00065865
00065895
00065925
00065955
00065985
00066015
00066045
00066075
00066105
00066135
00066165
00066195
00066225
00066255
00066285
00066315
00066345
00066375
00066405
00066435
00066465
00066495
00066525
00066555
00066585
00066615
00066645
00066675
00066705
00066735
00066765
00066795
00066825
00066855
00066885
00066915
00066945
00066975
00067005
00067035
00067065
00067095
00067125
00067155
00067185
00067215
00067245
00067275
00067305
00067335
00067365
00067395
00067425
00067455
00067485
00067515
00067545
00067575
00067605
00067635
00067665
00067695
00067725
00067755
00067785
00067815
00067845
00067875
00067905
00067935
00067965
00067995
00068025
00068055
00068085
00068103
00068133
00068163
00068193
00068223
00068253
00068283
00068313
00068343
00068373
00068403
00068433
00068463
00068493
00068523
00068553
00068583
00068613
00068643
00068673
00068703
00068733
00068763
00068793
00068823
00068853
00068883
00068913
00068943
00068973
00069003
00069033
00069063
00069093
00069123
00069153
00069183
00069213
00069243
00069273
00069303
00069333
00069363
00069393
00069423
00069453
00069483
00069513
00069543
00069573
00069603
00069633
00069663
00069693
00069723
00069753
00069783
00069813
00069843
00069873
00069903
00069933
00069963
00069993
00070023
00070053
00070083
00070113
00070143
00070173
00070203
00070233
00070263
00070293
00070323
00070353
00070383
00070413
00070443
00070473
00070503
00070533
00070563
00070593
00070623
00070653
00070683
00070713
00070743
00070773
00070803
00070833
00070863
00070893
00070923
00070953
00070983
00071013
00071043
00071073
