00000000
00000030
00000060
00000090
00000120
00000138
00000168
00000198
00000228
00000258
00000288
00000318
00000348
00000378
00000408
00000438
00000468
00000498
00000528
00000558
00000588
00000618
00000648
00000678
00000708
00000738
00000768
00000798
00000828
00000858
00000888
00000918
00000948
00000978
00001008
00001038
00001068
00001098
00001128
00001158
00001188
00001218
00001248
00001278
00001308
00001338
00001368
00001398
00001428
00001458
00001488
00001518
00001548
00001578
00001608
00001638
00001668
00001698
00001728
00001758
00001788
00001818
00001848
00001878
00001908
00001938
00001968
00001998
00002028
00002058
00002088
00002118
00002148
00002178
00002208
00002238
00002268
00002298
00002328
00002358
00002388
00002418
00002448
00002478
00002508
00002538
00002568
00002598
00002628
00002658
00002688
00002718
00002748
00002778
00002808
00002838
00002868
00002898
00002928
00002958
00002988
00003018
00003048
00003078
00003108
00003138
00003168
00003198
00003228
00003258
00003288
00003318
00003348
00003378
00003408
00003438
00003468
00003498
00003528
00003558
00003588
00003618
00003648
00003678
00003708
00003738
00003768
00003798
00003828
00003858
00003888
00003918
00003948
00003978
00004008
00004038
00004068
00004098
00004128
00004158
00004188
00004218
00004248
00004278
00004308
00004338
00004368
00004398
00004428
00004458
00004488
00004518
00004548
00004578
00004608
00004638
00004668
00004698
00004728
00004758
00004788
00004818
00004848
00004878
00004908
00004938
00004968
00004998
00005028
00005058
00005088
00005118
00005148
00005178
00005208
00005238
00005268
00005298
00005328
00005358
00005388
00005418
00005448
00005478
00005508
00005538
00005568
00005598
00005628
00005658
00005688
00005718
00005748
00005778
00005808
00005838
00005868
00005898
00005928
00005958
00005988
00006018
00006048
00006078
00006108
00006138
00006168
00006198
00006228
00006258
00006288
00006318
00006348
00006378
00006408
00006438
00006468
00006498
00006528
00006558
00006588
00006618
00006648
00006678
00006708
00006738
00006768
00006798
00006828
00006858
00006888
00006918
00006948
00006978
00007008
00007038
00007068
00007098
00007128
00007158
00007188
00007218
00007248
00007278
00007308
00007338
00007368
00007398
00007428
00007458
00007488
00007518
00007548
00007578
00007608
00007638
00007668
00007698
00007728
00007758
00007788
00007818
00007848
00007878
00007908
00007938
00007968
00007998
00008028
00008058
00008088
00008118
00008148
00008178
00008208
00008238
00008268
00008298
00008328
00008358
00008388
00008418
00008448
00008478
00008508
00008538
00008568
00008598
00008628
00008658
00008688
00008718
00008748
00008778
00008808
00008838
00008868
00008898
00008928
00008958
00008988
00009018
00009048
00009078
00009108
00009138
00009168
00009198
00009228
00009258
00009288
00009318
00009348
00009378
00009408
00009438
00009468
00009498
00009528
00009558
00009588
00009618
00009648
00009678
00009708
00009738
00009768
00009798
00009828
00009858
00009888
00009918
00009948
00009978
00010008
00010038
00010068
00010098
00010128
00010158
00010188
00010218
00010248
00010278
00010308
00010338
00010368
00010398
00010428
00010458
00010464
00010494
00010524
00010554
00010584
00010614
00010644
00010674
00010704
00010734
00010764
00010794
00010824
00010854
00010884
00010914
00010944
00010974
00011004
00011034
00011052
00011082
00011112
00011142
00011172
00011202
00011232
00011262
00011292
00011322
00011352
00011382
00011412
00011442
00011472
00011502
00011532
00011562
00011592
00011622
00011652
00011682
00011712
00011742
00011772
00011802
00011832
00011862
00011892
00011922
00011952
00011982
00012012
00012042
00012072
00012102
00012132
00012162
00012192
00012222
00012252
00012282
00012312
00012342
00012372
00012402
00012432
00012462
00012492
00012522
00012552
00012582
00012612
00012642
00012672
00012702
00012732
00012762
00012792
00012822
00012852
00012882
00012912
00012942
00012972
00013002
00013032
00013062
00013092
00013122
00013152
00013182
00013212
00013242
00013272
00013302
00013332
00013362
00013392
00013422
00013452
00013482
00013512
00013542
00013572
00013602
00013632
00013662
00013692
00013722
00013752
00013782
00013812
00013842
00013872
00013902
00013932
00013962
00013992
00014022
00014052
00014082
00014112
00014142
00014172
00014202
00014232
00014262
00014292
00014322
00014352
00014382
00014412
00014442
00014472
00014502
00014532
00014562
00014592
00014622
00014652
00014682
00014712
00014742
00014772
00014802
00014832
00014862
00014892
00014922
00014952
00014982
00015012
00015042
00015072
00015102
00015132
00015162
00015192
00015222
00015252
00015282
00015312
00015342
00015372
00015402
00015432
00015462
00015492
00015522
00015552
00015582
00015612
00015642
00015672
00015702
00015732
00015762
00015792
00015822
00015852
00015882
00015912
00015942
00015972
00016002
00016032
00016062
00016092
00016122
00016152
00016182
00016212
00016242
00016272
00016302
00016332
00016362
00016392
00016422
00016452
00016482
00016512
00016542
00016572
00016602
00016632
00016662
00016692
00016722
00016752
00016782
00016812
00016842
00016872
00016902
00016932
00016962
00016992
00017022
00017052
00017082
00017112
00017142
00017172
00017202
00017232
00017262
00017292
00017322
00017352
00017382
00017412
00017442
00017472
00017502
00017532
00017562
00017592
00017622
00017652
00017682
00017712
00017742
00017772
00017802
00017832
00017862
00017892
00017922
00017952
00017982
00018012
00018042
00018072
00018102
00018132
00018162
00018192
00018222
00018252
00018282
00018312
00018342
00018372
00018402
00018432
00018462
00018492
00018522
00018552
00018582
00018612
00018642
00018672
00018702
00018732
00018762
00018792
00018822
00018852
00018882
00018912
00018942
00018972
00019002
00019032
00019062
00019092
00019122
00019152
00019182
00019212
00019242
00019272
00019302
00019332
00019362
00019392
00019422
00019452
00019482
00019512
00019542
00019572
00019602
00019632
00019662
00019692
00019722
00019752
00019782
00019812
00019842
00019872
00019902
00019932
00019962
00019992
00020022
00020052
00020082
00020112
00020142
00020172
00020202
00020232
00020262
00020292
00020322
00020352
00020382
00020412
00020442
00020472
00020502
00020532
00020562
00020592
00020622
00020652
00020682
00020712
00020742
00020772
00020802
00020832
00020862
00020892
00020922
00020952
00020982
00021012
00021042
00021072
00021102
00021132
00021162
00021192
00021222
00021252
00021282
00021312
00021342
00021372
00021402
00021432
00021462
00021492
00021522
00021552
00021582
00021612
00021642
00021672
00021702
00021732
00021762
00021792
00021822
00021852
00021882
00021912
00021942
00021972
00022002
00022032
00022062
00022092
00022122
00022152
00022182
00022212
00022242
00022272
00022302
00022332
00022362
00022392
00022422
00022452
00022482
00022512
00022542
00022572
00022602
00022632
00022662
00022692
00022722
00022752
00022782
00022812
00022842
00022872
00022902
00022932
00022962
00022992
00023022
00023052
00023082
00023112
00023142
00023172
00023202
00023232
00023262
00023292
00023322
00023352
00023382
00023412
00023442
00023472
00023502
00023532
00023562
00023592
00023622
00023652
00023682
00023712
00023742
00023772
00023802
00023832
00023862
00023892
00023922
00023952
00023982
00024012
00024042
00024072
00024102
00024132
00024162
00024192
00024222
00024252
00024282
00024312
00024342
00024372
00024402
00024432
00024462
00024492
00024522
00024552
00024582
00024612
00024642
00024672
00024702
00024732
00024762
00024792
00024822
00024852
00024882
00024912
00024942
00024972
00025002
00025032
00025062
00025092
00025122
00025152
00025182
00025212
00025242
00025272
00025302
00025332
00025362
00025392
00025422
00025452
00025482
00025512
00025542
00025572
00025602
00025632
00025662
00025692
00025722
00025752
00025782
00025812
00025842
00025872
00025902
00025932
00025962
00025992
00026022
00026052
00026082
00026112
00026142
00026172
00026202
00026232
00026262
00026292
00026322
00026352
00026382
00026412
00026442
00026472
00026502
00026532
00026562
00026592
00026622
00026652
00026682
00026712
00026742
00026772
00026802
00026832
00026862
00026892
00026922
00026952
00026982
00027012
00027042
00027072
00027102
00027132
00027162
00027192
00027222
00027252
00027282
00027312
00027342
00027372
00027402
00027432
00027462
00027492
00027522
00027552
00027582
00027612
00027642
00027672
00027702
00027732
00027762
00027792
00027822
00027852
00027882
00027912
00027942
00027972
00028002
00028032
00028062
00028092
00028122
00028152
00028182
00028212
00028242
00028272
00028302
00028332
00028362
00028392
00028422
00028452
00028482
00028512
00028542
00028572
00028602
00028632
00028662
00028692
00028722
00028752
00028782
00028812
00028842
00028872
00028902
00028932
00028962
00028992
00029022
00029052
00029082
00029112
00029142
00029172
00029202
00029232
00029262
00029292
00029322
00029352
00029382
00029412
00029442
00029472
00029502
00029532
00029562
00029592
00029622
00029652
00029682
00029712
00029742
00029772
00029802
00029832
00029862
00029892
00029922
00029952
00029982
00030012
00030042
00030072
00030102
00030132
00030162
00030192
00030222
00030252
00030282
00030312
00030342
00030372
00030402
00030432
00030462
00030492
00030522
00030552
00030582
00030612
00030642
00030672
00030702
00030732
00030762
00030792
00030822
00030852
00030882
00030912
00030942
00030972
00031002
00031032
00031062
00031092
00031122
00031152
00031182
00031212
00031242
00031272
00031302
00031332
00031362
00031392
00031422
00031452
00031482
00031512
00031542
00031572
00031602
00031632
00031662
00031692
00031722
00031752
00031782
00031812
00031842
00031872
00031902
00031932
00031962
00031992
00032022
00032052
00032082
00032112
00032142
00032172
00032202
00032232
00032262
00032292
00032322
00032352
00032382
00032412
00032442
00032472
00032502
00032532
00032562
00032592
00032622
00032652
00032682
00032712
00032742
00032772
00032802
00032832
00032862
00032892
00032922
00032952
00032982
00033012
00033042
00033072
00033102
00033132
00033162
00033192
00033222
00033252
00033282
00033312
00033342
00033372
00033402
00033432
00033462
00033492
00033522
00033552
00033582
00033612
00033642
00033672
00033702
00033732
00033762
00033792
00033822
00033852
00033882
00033912
00033942
00033972
00034002
00034032
00034041
00034071
00034101
00034131
00034161
00034191
00034221
00034251
00034281
00034287
00034317
00034347
00034377
00034407
00034437
00034467
00034497
00034527
00034557
00034587
00034617
00034647
00034677
00034707
00034737
00034767
00034797
00034827
00034857
00034887
00034917
00034947
00034977
00035007
00035037
00035067
00035097
00035127
00035157
00035187
00035217
00035247
00035277
00035307
00035337
00035367
00035397
00035427
00035457
00035487
00035517
00035547
00035577
00035607
00035637
00035667
00035697
00035727
00035757
00035787
00035817
00035847
00035877
00035907
00035937
00035967
00035997
00036027
00036057
00036087
00036117
00036147
00036177
00036207
00036237
00036267
00036297
00036327
00036357
00036387
00036417
00036447
00036477
00036507
00036537
00036567
00036597
00036627
00036657
00036687
00036717
00036747
00036777
00036807
00036837
00036867
00036897
00036927
00036957
00036987
00037017
00037047
00037077
00037107
00037137
00037167
00037197
00037227
00037257
00037287
00037317
00037347
00037377
00037407
00037437
00037467
00037497
00037527
00037557
00037587
00037617
00037647
00037677
00037707
00037737
00037767
00037797
00037827
00037857
00037887
00037917
00037947
00037977
00038007
00038037
00038067
00038097
00038127
00038157
00038187
00038217
00038247
00038277
00038307
00038337
00038367
00038397
00038427
00038457
00038487
00038517
00038547
00038577
00038607
00038637
00038667
00038697
00038727
00038757
00038787
00038817
00038826
00038856
00038886
00038916
00038946
00038976
00039006
00039036
00039066
00039096
00039126
00039156
00039186
00039216
00039246
00039276
00039306
00039336
00039366
00039396
00039426
00039456
00039486
00039516
00039546
00039576
00039606
00039636
00039666
00039696
00039726
00039756
00039786
00039816
00039846
00039876
00039906
00039936
00039966
00039996
00040026
00040056
00040086
00040116
00040146
00040176
00040206
00040236
00040266
00040296
00040326
00040356
00040386
00040416
00040446
00040476
00040506
00040536
00040566
00040596
00040626
00040656
00040686
00040716
00040746
00040776
00040806
00040836
00040866
00040896
00040926
00040956
00040986
00041016
00041046
00041076
00041106
00041136
00041166
00041196
00041226
00041256
00041286
00041316
00041346
00041376
00041406
00041436
00041466
00041496
00041526
00041556
00041586
00041616
00041646
00041676
00041706
00041736
00041766
00041796
00041826
00041856
00041886
00041916
00041946
00041976
00042006
00042036
00042066
00042096
00042126
00042156
00042186
00042216
00042246
00042276
00042306
00042336
00042366
00042396
00042426
00042456
00042486
00042516
00042546
00042576
00042606
00042636
00042666
00042696
00042726
00042756
00042786
00042816
00042846
00042876
00042906
00042936
00042966
00042996
00043026
00043056
00043086
00043116
00043146
00043176
00043206
00043236
00043266
00043296
00043326
00043356
00043386
00043416
00043446
00043476
00043506
00043536
00043566
00043596
00043626
00043656
00043686
00043716
00043746
00043776
00043806
00043836
00043866
00043896
00043926
00043956
00043986
00044016
00044046
00044076
00044106
00044136
00044166
00044196
00044226
00044256
00044286
00044316
00044346
00044376
00044406
00044436
00044466
00044496
00044526
00044556
00044586
00044616
00044646
00044676
00044706
00044736
00044766
00044796
00044826
00044856
00044886
00044916
00044946
00044976
00045006
00045036
00045066
00045096
00045126
00045156
00045186
00045216
00045246
00045276
00045306
00045336
00045366
00045396
00045426
00045456
00045486
00045516
00045546
00045576
00045606
00045636
00045666
00045696
00045726
00045756
00045786
00045816
00045846
00045876
00045906
00045936
00045966
00045996
00046026
00046056
00046086
00046116
00046146
00046176
00046206
00046236
00046266
00046296
00046326
00046356
00046386
00046416
00046446
00046476
00046506
00046536
00046566
00046596
00046626
00046656
00046686
00046716
00046746
00046776
00046806
00046836
00046866
00046896
00046926
00046956
00046986
00047016
00047046
00047076
00047106
00047136
00047166
00047196
00047226
00047256
00047286
00047316
00047346
00047376
00047406
00047436
00047466
00047496
00047526
00047556
00047586
00047616
00047646
00047676
00047706
00047736
00047766
00047796
00047826
00047856
00047886
00047916
00047946
00047976
00048006
00048036
00048066
00048096
00048126
00048156
00048186
00048216
00048246
00048276
00048306
00048336
00048366
00048396
00048426
00048456
00048486
00048516
00048546
00048576
00048606
00048636
00048666
00048690
00048720
00048750
00048780
00048810
00048840
00048870
00048900
00048930
00048960
00048990
00049020
00049050
00049080
00049110
00049140
00049170
00049200
00049230
00049260
00049290
00049320
00049350
00049380
00049410
00049440
00049470
00049500
00049530
00049560
00049590
00049620
00049650
00049680
00049710
00049740
00049770
00049800
00049830
00049860
00049890
00049920
00049950
00049980
00050010
00050040
00050070
00050100
00050130
00050160
00050190
00050220
00050250
00050280
00050310
00050340
00050370
00050400
00050430
00050460
00050490
00050520
00050550
00050580
00050610
00050640
00050670
00050700
00050730
00050760
00050790
00050820
00050850
00050880
00050910
00050940
00050970
00051000
00051030
00051060
00051090
00051102
00051132
00051162
00051192
00051222
00051252
00051282
00051312
00051342
00051372
00051402
00051432
00051462
00051492
00051522
00051552
00051582
00051612
00051642
00051672
00051702
00051732
00051762
00051774
00051804
00051834
00051864
00051894
00051924
00051954
00051984
00052014
00052044
00052074
00052104
00052134
00052164
00052194
00052224
00052254
00052284
00052314
00052344
00052374
00052404
00052434
00052464
00052494
00052524
00052554
00052584
00052614
00052644
00052674
00052704
00052734
00052764
00052794
00052824
00052854
00052884
00052914
00052944
00052974
00053004
00053034
00053064
00053094
00053124
00053154
00053184
00053214
00053244
00053265
00053295
00053325
00053355
00053385
00053415
00053445
00053475
00053505
00053535
00053565
00053595
00053625
00053655
00053685
00053715
00053745
00053775
