00000000
00000030
00000060
00000090
00000120
00000150
00000180
00000210
00000240
00000270
00000300
00000330
00000360
00000390
00000420
00000450
00000480
00000510
00000540
00000570
00000600
00000630
00000660
00000690
00000720
00000750
00000780
00000810
00000840
00000870
00000900
00000912
00000942
00000972
00001002
00001032
00001062
00001092
00001122
00001152
00001182
00001212
00001242
00001272
00001302
00001332
00001362
00001392
00001422
00001452
00001482
00001512
00001542
00001572
00001602
00001632
00001662
00001692
00001722
00001752
00001782
00001812
00001842
00001872
00001902
00001932
00001962
00001992
00002022
00002052
00002082
00002112
00002142
00002172
00002202
00002232
00002262
00002292
00002322
00002352
00002382
00002412
00002442
00002472
00002487
00002517
00002547
00002577
00002607
00002637
00002667
00002697
00002727
00002757
00002787
00002817
00002847
00002877
00002907
00002937
00002967
00002997
00003027
00003057
00003087
00003117
00003147
00003177
00003207
00003237
00003267
00003297
00003327
00003357
00003387
00003417
00003447
00003477
00003507
00003537
00003567
00003597
00003627
00003657
00003687
00003717
00003747
00003777
00003807
00003837
00003867
00003897
00003927
00003957
00003987
00004017
00004047
00004077
00004107
00004137
00004167
00004197
00004227
00004257
00004287
00004317
00004347
00004377
00004407
00004437
00004467
00004497
00004527
00004557
00004587
00004617
00004647
00004677
00004707
00004737
00004767
00004797
00004827
00004857
00004887
00004917
00004947
00004977
00005007
00005037
00005067
00005097
00005127
00005157
00005187
00005217
00005247
00005271
00005301
00005331
00005361
00005391
00005421
00005451
00005481
00005511
00005541
00005571
00005601
00005631
00005661
00005691
00005721
00005751
00005781
00005811
00005841
00005865
00005895
00005925
00005955
00005985
00006015
00006045
00006075
00006105
00006135
00006165
00006195
00006225
00006255
00006285
00006315
00006345
00006375
00006405
00006435
00006465
00006495
00006525
00006555
00006585
00006615
00006645
00006675
00006705
00006735
00006765
00006795
00006825
00006855
00006885
00006915
00006945
00006975
00007005
00007035
00007065
00007095
00007125
00007155
00007185
00007215
00007245
00007275
00007305
00007335
00007365
00007395
00007425
00007455
00007485
00007515
00007545
00007575
00007605
00007635
00007665
00007695
00007725
00007755
00007785
00007815
00007845
00007875
00007905
00007935
00007965
00007995
00008025
00008055
00008085
00008115
00008145
00008175
00008205
00008235
00008265
00008295
00008325
00008355
00008385
00008415
00008445
00008475
00008505
00008535
00008565
00008595
00008625
00008655
00008685
00008715
00008745
00008775
00008805
00008835
00008865
00008895
00008925
00008955
00008985
00009015
00009045
00009075
00009105
00009135
00009165
00009195
00009225
00009255
00009285
00009315
00009345
00009375
00009405
00009435
00009465
00009495
00009525
00009555
00009585
00009615
00009645
00009675
00009705
00009735
00009765
00009795
00009825
00009855
00009885
00009915
00009945
00009975
00010005
00010035
00010065
00010095
00010125
00010155
00010185
00010215
00010245
00010275
00010305
00010335
00010365
00010395
00010425
00010455
00010485
00010515
00010545
00010575
00010605
00010635
00010665
00010695
00010725
00010755
00010785
00010815
00010845
00010875
00010905
00010935
00010965
00010995
00011025
00011055
00011085
00011115
00011145
00011175
00011205
00011235
00011265
00011295
00011325
00011355
00011385
00011415
00011445
00011475
00011505
00011535
00011565
00011595
00011625
00011655
00011685
00011715
00011745
00011775
00011805
00011835
00011865
00011895
00011925
00011955
00011985
00012015
00012045
00012075
00012105
00012135
00012165
00012195
00012225
00012255
00012285
00012315
00012345
00012375
00012405
00012435
00012465
00012495
00012525
00012555
00012585
00012615
00012645
00012675
00012705
00012735
00012765
00012795
00012825
00012855
00012885
00012915
00012945
00012975
00013005
00013035
00013065
00013095
00013125
00013155
00013185
00013215
00013245
00013275
00013305
00013335
00013365
00013395
00013425
00013455
00013485
00013515
00013545
00013575
00013605
00013635
00013665
00013695
00013725
00013755
00013785
00013815
00013845
00013875
00013905
00013935
00013965
00013995
00014025
00014055
00014085
00014115
00014145
00014175
00014205
00014235
00014265
00014295
00014325
00014355
00014385
00014388
00014418
00014448
00014478
00014508
00014538
00014568
00014598
00014628
00014658
00014688
00014718
00014748
00014778
00014808
00014838
00014868
00014898
00014928
00014958
00014988
00015018
00015048
00015078
00015108
00015138
00015168
00015198
00015228
00015258
00015288
00015318
00015348
00015378
00015408
00015438
00015468
00015498
00015528
00015558
00015588
00015618
00015648
00015678
00015708
00015738
00015768
00015798
00015828
00015858
00015888
00015918
00015948
00015978
00016008
00016038
00016068
00016098
00016128
00016158
00016188
00016218
00016248
00016278
00016308
00016338
00016368
00016398
00016428
00016458
00016488
00016518
00016548
00016578
00016608
00016638
00016668
00016698
00016728
00016758
00016788
00016818
00016848
00016878
00016908
00016938
00016968
00016998
00017028
00017058
00017088
00017118
00017148
00017178
00017208
00017238
00017268
00017298
00017328
00017358
00017388
00017418
00017448
00017478
00017508
00017538
00017568
00017598
00017628
00017658
00017688
00017718
00017748
00017778
00017808
00017838
00017868
00017886
00017916
00017946
00017976
00018006
00018036
00018066
00018096
00018126
00018156
00018186
00018216
00018246
00018276
00018306
00018336
00018366
00018396
00018426
00018456
00018486
00018516
00018546
00018576
00018606
00018636
00018666
00018696
00018726
00018756
00018786
00018816
00018846
00018876
00018906
00018936
00018966
00018996
00019026
00019056
00019086
00019116
00019146
00019176
00019206
00019236
00019266
00019296
00019326
00019335
00019365
00019395
00019425
00019455
00019485
00019515
00019545
00019575
00019605
00019635
00019665
00019695
00019725
00019755
00019785
00019815
00019845
00019875
00019905
00019935
00019965
00019995
00020025
00020055
00020085
00020115
00020145
00020175
00020205
00020235
00020265
00020295
00020325
00020355
00020385
00020415
00020445
00020475
00020505
00020535
00020565
00020595
00020625
00020655
00020685
00020715
00020745
00020775
00020805
00020835
00020865
00020880
00020910
00020940
00020970
00021000
00021030
00021060
00021090
00021120
00021150
00021180
00021210
00021240
00021270
00021300
00021330
00021360
00021390
00021420
00021450
00021480
00021510
00021540
00021570
00021600
00021630
00021660
00021690
00021720
00021750
00021780
00021810
00021840
00021870
00021900
00021930
00021960
00021990
00022020
00022050
00022080
00022110
00022140
00022170
00022200
00022230
00022260
00022290
00022320
00022350
00022380
00022410
00022440
00022470
00022500
00022530
00022560
00022590
00022620
00022650
00022680
00022710
00022740
00022770
00022791
00022821
00022851
00022881
00022911
00022941
00022971
00023001
00023031
00023061
00023091
00023121
00023151
00023181
00023211
00023241
00023271
00023301
00023331
00023361
00023391
00023421
00023451
00023481
00023511
00023541
00023571
00023601
00023631
00023661
00023691
00023721
00023751
00023781
00023811
00023841
00023871
00023901
00023931
00023961
00023991
00024021
00024051
00024081
00024111
00024141
00024171
00024201
00024231
00024261
00024291
00024321
00024351
00024381
00024411
00024441
00024471
00024501
00024531
00024561
00024591
00024621
00024651
00024681
00024711
00024741
00024771
00024801
00024831
00024861
00024891
00024921
00024951
00024981
00025011
00025041
00025071
00025101
00025131
00025161
00025191
00025221
00025251
00025281
00025311
00025341
00025371
00025401
00025431
00025461
00025491
00025521
00025551
00025581
00025611
00025641
00025671
00025701
00025731
00025761
00025791
00025821
00025851
00025881
00025911
00025941
00025971
00026001
00026031
00026061
00026091
00026121
00026151
00026181
00026211
00026241
00026271
00026301
00026331
00026361
00026391
00026421
00026451
00026481
00026511
00026541
00026571
00026601
00026631
00026661
00026691
00026721
00026751
00026781
00026811
00026841
00026871
00026901
00026931
00026961
00026991
00027021
00027051
00027081
00027111
00027141
00027171
00027201
00027231
00027261
00027291
00027321
00027351
00027381
00027411
00027441
00027471
00027501
00027531
00027561
00027591
00027621
00027651
00027681
00027711
00027741
00027771
00027801
00027831
00027861
00027891
00027921
00027951
00027981
00028011
00028041
00028071
00028101
00028131
00028161
00028191
00028221
00028251
00028281
00028311
00028341
00028371
00028401
00028413
00028443
00028473
00028503
00028533
00028563
00028593
00028623
00028653
00028683
00028713
00028743
00028773
00028803
00028833
00028863
00028893
00028923
00028953
00028983
00029013
00029043
00029073
00029103
00029133
00029163
00029193
00029223
00029253
00029283
00029313
00029343
00029373
00029403
00029433
00029463
00029493
00029523
00029553
00029583
00029613
00029643
00029673
00029703
00029733
00029763
00029793
00029823
00029853
00029883
00029913
00029943
00029973
00030003
00030033
00030063
00030093
00030123
00030153
00030183
00030213
00030243
00030273
00030303
00030333
00030363
00030393
00030423
00030453
00030483
00030513
00030543
00030573
00030603
00030633
00030663
00030693
00030723
00030753
00030783
00030813
00030843
00030873
00030903
00030933
00030960
00030990
00031020
00031050
00031080
00031110
00031140
00031170
00031200
00031230
00031260
00031290
00031320
00031350
00031380
00031410
00031440
00031470
00031500
00031530
00031560
00031590
00031620
00031650
00031680
00031710
00031740
00031770
00031800
00031830
00031860
00031890
00031920
00031950
00031980
00032010
00032040
00032070
00032100
00032130
00032160
00032190
00032220
00032250
00032280
00032310
00032340
00032370
00032400
00032430
00032460
00032490
00032520
00032550
00032580
00032610
00032640
00032670
00032700
00032730
00032760
00032790
00032820
00032850
00032880
00032910
00032940
00032949
00032979
00033009
00033039
00033069
00033099
00033129
00033159
00033189
00033219
00033249
00033279
00033309
00033339
00033369
00033399
00033429
00033459
00033489
00033519
00033549
00033579
00033609
00033639
00033669
00033699
00033729
00033759
00033789
00033819
00033849
00033879
00033909
00033939
00033969
00033999
00034029
00034059
00034089
00034119
00034149
00034179
00034209
00034239
00034269
00034299
00034329
00034359
00034389
00034419
00034449
00034479
00034509
00034530
00034560
00034590
00034620
00034650
00034680
00034710
00034740
00034770
00034800
00034830
00034860
00034890
00034920
00034950
00034980
00035010
00035040
00035070
00035100
00035130
00035160
00035190
00035220
00035250
00035280
00035310
00035340
00035370
00035400
00035430
00035460
00035490
00035520
00035550
00035580
00035610
00035640
00035670
00035700
00035730
00035760
00035790
00035820
00035850
00035880
00035910
00035940
00035970
00036000
00036030
00036060
00036090
00036120
00036150
00036180
00036210
00036240
00036270
00036300
00036330
00036360
00036390
00036420
00036450
00036480
00036510
00036540
00036570
00036600
00036630
00036660
00036690
00036720
00036750
00036780
00036810
00036840
00036870
00036900
00036930
00036960
00036990
00037020
00037050
00037080
00037110
00037140
00037170
00037200
00037230
00037260
00037290
00037320
00037350
00037380
00037410
00037440
00037470
00037500
00037530
00037560
00037590
00037620
00037650
00037680
00037710
00037740
00037770
00037800
00037830
00037860
00037890
00037920
00037950
00037980
00038010
00038040
00038070
00038088
00038118
00038148
00038178
00038208
00038238
00038268
00038298
00038328
00038358
00038388
00038418
00038448
00038478
00038508
00038538
00038568
00038598
00038628
00038658
00038688
00038718
00038748
00038778
00038808
00038838
00038868
00038898
00038928
00038958
00038988
00039018
00039048
00039078
00039108
00039138
00039168
00039198
00039228
00039258
00039288
00039318
00039348
00039378
00039408
00039438
00039468
00039498
00039528
00039558
00039588
00039618
00039648
00039678
00039708
00039738
00039768
00039798
00039828
00039858
00039888
00039918
00039948
00039978
00040008
00040038
00040068
00040098
00040128
00040158
00040188
00040218
00040248
00040278
00040308
00040338
00040368
00040398
00040428
00040458
00040488
00040518
00040548
00040578
00040608
00040638
00040668
00040698
00040728
00040758
00040788
00040818
00040848
00040878
00040908
00040938
00040968
00040998
00041028
00041058
00041088
00041118
00041148
00041178
00041208
00041238
00041268
00041298
00041328
00041358
00041388
00041418
00041448
00041478
00041508
00041538
00041568
00041598
00041628
00041658
00041688
00041718
00041748
00041778
00041808
00041838
00041868
00041898
00041928
00041958
00041988
00042018
00042048
00042078
00042108
00042138
00042168
00042198
00042228
00042258
00042288
00042318
00042348
00042378
00042408
00042438
00042468
00042498
00042528
00042558
00042588
00042618
00042648
00042678
00042708
00042738
00042768
00042798
00042828
00042858
00042888
00042918
00042948
00042978
00043008
00043038
00043068
00043098
00043128
00043158
00043188
00043218
00043248
00043278
00043308
00043338
00043368
00043398
00043428
00043458
00043488
00043518
00043548
00043578
00043608
00043638
00043668
00043698
00043728
00043758
00043788
00043818
00043848
00043878
00043908
00043938
00043968
00043998
00044028
00044058
00044088
00044118
00044148
00044178
00044208
00044238
00044268
00044298
00044328
00044358
00044388
00044418
00044448
00044478
00044508
00044538
00044568
00044598
00044628
00044658
00044688
00044718
00044748
00044778
00044808
00044838
00044868
00044898
00044928
00044958
00044988
00045018
00045048
00045078
00045108
00045138
00045168
00045198
00045228
00045258
00045288
00045318
00045348
00045378
00045408
00045438
00045468
00045498
00045528
00045558
00045588
00045618
00045648
00045678
00045708
00045738
00045768
00045798
00045828
00045858
00045888
00045918
