00000000
00000030
00000060
00000090
00000120
00000150
00000180
00000210
00000240
00000270
00000300
00000330
00000360
00000390
00000420
00000450
00000480
00000510
00000540
00000570
00000600
00000630
00000660
00000690
00000720
00000750
00000780
00000810
00000840
00000870
00000900
00000930
00000960
00000990
00001020
00001050
00001080
00001110
00001140
00001170
00001200
00001230
00001260
00001290
00001320
00001350
00001380
00001410
00001440
00001470
00001500
00001530
00001560
00001590
00001620
00001650
00001680
00001710
00001740
00001770
00001800
00001830
00001860
00001890
00001920
00001950
00001980
00002010
00002040
00002070
00002100
00002130
00002160
00002190
00002220
00002250
00002280
00002310
00002340
00002370
00002400
00002430
00002460
00002490
00002520
00002550
00002580
00002610
00002640
00002670
00002700
00002730
00002760
00002790
00002820
00002850
00002880
00002910
00002940
00002970
00003000
00003030
00003060
00003090
00003120
00003150
00003180
00003210
00003240
00003270
00003300
00003330
00003360
00003390
00003420
00003450
00003480
00003510
00003540
00003570
00003600
00003630
00003660
00003690
00003720
00003750
00003780
00003810
00003840
00003870
00003900
00003930
00003960
00003990
00004020
00004050
00004080
00004110
00004140
00004170
00004200
00004230
00004260
00004290
00004320
00004350
00004380
00004410
00004440
00004470
00004500
00004530
00004560
00004590
00004620
00004650
00004680
00004710
00004740
00004770
00004800
00004830
00004860
00004890
00004920
00004950
00004980
00005010
00005040
00005070
00005100
00005130
00005160
00005190
00005220
00005250
00005280
00005310
00005340
00005370
00005400
00005430
00005460
00005490
00005520
00005550
00005580
00005610
00005640
00005670
00005700
00005730
00005760
00005790
00005820
00005850
00005880
00005910
00005940
00005970
00006000
00006030
00006060
00006090
00006120
00006150
00006180
00006210
00006240
00006270
00006300
00006330
00006360
00006390
00006420
00006450
00006480
00006510
00006540
00006570
00006600
00006630
00006660
00006690
00006720
00006750
00006780
00006810
00006840
00006870
00006900
00006930
00006960
00006990
00007020
00007050
00007080
00007110
00007140
00007170
00007200
00007230
00007260
00007290
00007320
00007350
00007380
00007410
00007440
00007470
00007500
00007530
00007560
00007590
00007620
00007650
00007680
00007710
00007740
00007770
00007800
00007830
00007860
00007890
00007920
00007950
00007980
00008010
00008040
00008070
00008100
00008130
00008160
00008190
00008220
00008250
00008280
00008310
00008340
00008370
00008400
00008430
00008460
00008490
00008520
00008550
00008580
00008610
00008640
00008670
00008700
00008730
00008760
00008790
00008820
00008850
00008880
00008910
00008940
00008970
00009000
00009030
00009048
00009078
00009108
00009138
00009168
00009198
00009228
00009258
00009288
00009318
00009348
00009378
00009408
00009438
00009468
00009498
00009528
00009558
00009588
00009618
00009648
00009678
00009708
00009738
00009768
00009798
00009828
00009858
00009888
00009918
00009948
00009978
00010008
00010038
00010068
00010098
00010128
00010158
00010188
00010218
00010248
00010278
00010308
00010338
00010368
00010398
00010428
00010458
00010488
00010518
00010548
00010578
00010608
00010638
00010668
00010698
00010728
00010758
00010788
00010818
00010848
00010878
00010908
00010938
00010968
00010998
00011028
00011058
00011088
00011118
00011148
00011178
00011208
00011238
00011268
00011298
00011328
00011358
00011388
00011418
00011448
00011478
00011508
00011538
00011568
00011598
00011628
00011658
00011688
00011718
00011748
00011778
00011808
00011838
00011868
00011898
00011928
00011958
00011988
00012018
00012048
00012078
00012108
00012138
00012168
00012198
00012228
00012258
00012288
00012318
00012348
00012378
00012408
00012438
00012468
00012498
00012528
00012558
00012588
00012618
00012648
00012678
00012708
00012738
00012768
00012798
00012828
00012858
00012888
00012918
00012948
00012978
00013008
00013038
00013068
00013098
00013128
00013158
00013188
00013218
00013248
00013278
00013308
00013338
00013368
00013398
00013428
00013458
00013488
00013518
00013548
00013578
00013608
00013638
00013668
00013698
00013728
00013758
00013788
00013818
00013848
00013878
00013908
00013938
00013968
00013998
00014028
00014058
00014088
00014118
00014148
00014178
00014208
00014238
00014268
00014298
00014328
00014358
00014388
00014418
00014448
00014478
00014508
00014538
00014568
00014598
00014628
00014658
00014688
00014718
00014748
00014778
00014808
00014838
00014868
00014898
00014928
00014958
00014988
00015018
00015048
00015078
00015108
00015138
00015168
00015198
00015228
00015258
00015288
00015318
00015348
00015378
00015408
00015438
00015468
00015498
00015528
00015558
00015588
00015618
00015648
00015678
00015708
00015738
00015768
00015798
00015828
00015858
00015888
00015918
00015948
00015978
00016008
00016038
00016068
00016098
00016128
00016158
00016188
00016218
00016248
00016278
00016308
00016338
00016368
00016398
00016428
00016458
00016488
00016518
00016548
00016578
00016608
00016638
00016668
00016698
00016728
00016758
00016788
00016818
00016848
00016878
00016908
00016938
00016968
00016998
00017028
00017058
00017088
00017118
00017148
00017178
00017208
00017238
00017268
00017298
00017328
00017358
00017388
00017418
00017448
00017478
00017508
00017538
00017568
00017598
00017628
00017658
00017688
00017718
00017748
00017778
00017808
00017838
00017868
00017898
00017928
00017958
00017988
00018018
00018048
00018078
00018108
00018138
00018168
00018198
00018228
00018258
00018288
00018318
00018348
00018378
00018408
00018438
00018468
00018498
00018528
00018558
00018588
00018618
00018648
00018678
00018708
00018738
00018768
00018798
00018828
00018858
00018888
00018918
00018948
00018978
00019008
00019038
00019068
00019098
00019128
00019158
00019188
00019218
00019248
00019278
00019308
00019338
00019368
00019398
00019428
00019458
00019488
00019518
00019548
00019578
00019608
00019638
00019668
00019698
00019728
00019758
00019788
00019818
00019848
00019878
00019908
00019938
00019968
00019998
00020028
00020058
00020088
00020118
00020148
00020178
00020208
00020238
00020268
00020298
00020328
00020358
00020388
00020418
00020448
00020478
00020508
00020538
00020568
00020598
00020628
00020658
00020688
00020718
00020748
00020778
00020808
00020838
00020868
00020898
00020928
00020958
00020988
00021018
00021048
00021078
00021108
00021138
00021168
00021198
00021228
00021258
00021288
00021318
00021348
00021378
00021408
00021438
00021468
00021498
00021528
00021558
00021588
00021618
00021648
00021678
00021708
00021738
00021768
00021798
00021828
00021858
00021888
00021918
00021948
00021978
00022008
00022038
00022068
00022098
00022128
00022158
00022188
00022218
00022248
00022278
00022308
00022338
00022368
00022398
00022428
00022458
00022488
00022518
00022548
00022578
00022608
00022638
00022668
00022698
00022728
00022758
00022788
00022818
00022848
00022878
00022908
00022938
00022968
00022998
00023028
00023058
00023088
00023118
00023148
00023178
00023208
00023238
00023268
00023298
00023328
00023358
00023388
00023418
00023448
00023478
00023508
00023538
00023568
00023598
00023628
00023658
00023688
00023718
00023748
00023778
00023808
00023838
00023868
00023898
00023928
00023958
00023988
00024018
00024048
00024078
00024108
00024138
00024168
00024198
00024228
00024258
00024288
00024318
00024348
00024378
00024408
00024438
00024468
00024498
00024528
00024558
00024588
00024618
00024648
00024678
00024708
00024738
00024768
00024798
00024828
00024858
00024888
00024918
00024948
00024978
00025008
00025038
00025068
00025098
00025128
00025158
00025188
00025218
00025248
00025278
00025308
00025338
00025368
00025398
00025428
00025458
00025488
00025518
00025548
00025578
00025608
00025638
00025668
00025698
00025728
00025758
00025788
00025818
00025848
00025878
00025908
00025938
00025968
00025998
00026028
00026058
00026088
00026118
00026148
00026178
00026208
00026238
00026268
00026298
00026328
00026358
00026388
00026418
00026448
00026478
00026508
00026538
00026568
00026598
00026628
00026658
00026688
00026718
00026748
00026778
00026808
00026838
00026868
00026898
00026928
00026958
00026988
00027018
00027048
00027078
00027108
00027138
00027168
00027198
00027228
00027258
00027288
00027318
00027348
00027378
00027408
00027438
00027468
00027498
00027528
00027558
00027588
00027618
00027648
00027678
00027708
00027738
00027768
00027798
00027828
00027858
00027888
00027918
00027948
00027978
00028008
00028038
00028068
00028098
00028128
00028158
00028188
00028218
00028248
00028278
00028308
00028338
00028368
00028398
00028428
00028458
00028488
00028518
00028548
00028578
00028608
00028638
00028668
00028698
00028728
00028758
00028788
00028818
00028848
00028878
00028908
00028938
00028968
00028998
00029028
00029058
00029088
00029118
00029148
00029178
00029208
00029238
00029268
00029298
00029328
00029358
00029388
00029418
00029448
00029478
00029508
00029538
00029568
00029598
00029628
00029658
00029688
00029718
00029748
00029778
00029808
00029838
00029868
00029898
00029928
00029958
00029988
00030018
00030048
00030078
00030108
00030138
00030168
00030198
00030228
00030258
00030288
00030318
00030348
00030378
00030408
00030438
00030468
00030498
00030528
00030558
00030588
00030618
00030648
00030678
00030708
00030738
00030768
00030798
00030828
00030858
00030888
00030918
00030948
00030978
00031008
00031038
00031068
00031098
00031128
00031158
00031188
00031218
00031248
00031278
00031308
00031338
00031368
00031398
00031428
00031458
00031488
00031518
00031548
00031578
00031608
00031638
00031668
00031698
00031728
00031758
00031788
00031818
00031848
00031878
00031908
00031938
00031968
00031998
00032028
00032058
00032088
00032118
00032148
00032178
00032208
00032238
00032268
00032298
00032328
00032358
00032388
00032418
00032448
00032478
00032508
00032538
00032568
00032598
00032628
00032658
00032688
00032718
00032748
00032778
00032808
00032838
00032868
00032898
00032928
00032958
00032988
00033018
00033048
00033078
00033108
00033138
00033168
00033198
00033228
00033258
00033288
00033318
00033348
00033378
00033408
00033438
00033468
00033498
00033528
00033558
00033588
00033618
00033648
00033678
00033708
00033738
00033768
00033798
00033828
00033858
00033888
00033918
00033948
00033978
00034008
00034038
00034068
00034098
00034128
00034158
00034188
00034218
00034248
00034278
00034308
00034338
00034368
00034398
00034428
00034458
00034488
00034518
00034548
00034578
00034608
00034638
00034668
00034698
00034728
00034758
00034788
00034818
00034848
00034878
00034908
00034938
00034968
00034998
00035028
00035058
00035088
00035118
00035148
00035178
00035208
00035238
00035268
00035298
00035328
00035358
00035388
00035418
00035448
00035478
00035508
00035538
00035568
00035598
00035628
00035658
00035688
00035718
00035748
00035778
00035808
00035838
00035868
00035898
00035928
00035958
00035988
00036018
00036048
00036078
00036108
00036138
00036168
00036198
00036228
00036258
00036288
00036318
00036348
00036378
00036408
00036438
00036468
00036498
00036528
00036558
00036588
00036618
00036648
00036678
00036708
00036738
00036768
00036798
00036828
00036858
00036888
00036918
00036948
00036978
00037008
00037038
00037068
00037098
00037128
00037158
00037188
00037218
00037248
00037278
00037308
00037338
00037368
00037398
00037428
00037458
00037488
00037518
00037548
00037578
00037608
00037638
00037668
00037698
00037728
00037758
00037788
00037818
00037848
00037878
00037908
00037938
00037968
00037998
00038028
00038058
00038088
00038118
00038148
00038178
00038208
00038238
00038268
00038298
00038328
00038358
00038388
00038418
00038448
00038478
00038508
00038538
00038568
00038598
00038628
00038658
00038688
00038718
00038748
00038778
00038808
00038838
00038868
00038898
00038928
00038958
00038988
00039018
00039048
00039078
00039108
00039138
00039168
00039198
00039228
00039258
00039288
00039318
00039348
00039378
00039408
00039438
00039468
00039498
00039528
00039558
00039588
00039618
00039648
00039678
00039708
00039738
00039768
00039798
00039828
00039858
00039888
00039918
00039948
00039978
00040008
00040038
00040068
00040098
00040128
00040158
00040188
00040218
00040248
00040278
00040308
00040338
00040368
00040398
00040428
00040458
00040488
00040518
00040548
00040578
00040608
00040638
00040668
00040698
00040728
00040758
00040788
00040818
00040848
00040878
00040908
00040938
00040968
00040998
00041028
00041058
00041088
00041118
00041148
00041178
00041208
00041238
00041268
00041298
00041328
00041358
00041388
00041418
00041448
00041478
00041508
00041538
00041568
00041598
00041628
00041658
00041688
00041718
00041748
00041778
00041808
00041838
00041868
00041898
00041928
00041958
00041988
00042018
00042048
00042078
00042108
00042138
00042168
00042198
00042228
00042258
00042288
00042318
00042348
00042378
00042408
00042438
00042468
00042498
00042528
00042558
00042588
00042618
00042648
00042678
00042708
00042738
00042768
00042798
00042828
00042837
00042867
00042897
00042927
00042957
00042987
00043017
00043047
00043077
00043107
00043137
00043167
00043197
00043227
00043257
00043287
00043317
00043347
00043377
00043407
00043437
00043467
00043497
00043527
00043557
00043587
00043617
00043647
00043677
00043707
00043737
00043767
00043797
00043827
00043857
00043887
00043917
00043947
00043977
00044007
00044037
00044067
00044097
00044127
00044157
00044187
00044217
00044247
00044277
00044307
00044337
00044367
00044397
00044427
00044457
00044487
00044517
00044547
00044577
00044607
00044637
00044667
00044697
00044727
00044757
00044787
00044817
00044847
00044877
00044907
00044937
00044967
00044997
00045027
00045057
00045087
00045117
00045132
00045162
00045192
00045222
00045252
00045282
00045312
00045342
00045372
00045402
00045432
00045462
00045492
00045522
00045552
00045582
00045612
00045642
00045672
00045702
00045732
00045762
00045792
00045822
00045852
00045882
00045912
00045942
00045972
00046002
00046032
00046062
00046092
00046122
00046152
00046182
00046212
00046242
00046272
00046302
00046332
00046362
00046392
00046422
00046452
00046482
00046512
00046542
00046572
00046602
00046632
00046662
00046692
00046722
00046752
00046782
00046812
00046842
00046872
00046902
00046932
00046962
00046992
00047022
00047052
00047082
00047112
00047142
00047172
00047202
00047232
00047262
00047292
00047322
00047352
00047382
00047412
00047442
00047472
00047502
