00000000
00000030
00000060
00000090
00000120
00000150
00000180
00000210
00000240
00000270
00000300
00000330
00000360
00000390
00000420
00000450
00000480
00000510
00000540
00000570
00000600
00000630
00000660
00000690
00000720
00000750
00000780
00000810
00000840
00000870
00000900
00000930
00000960
00000990
00001020
00001050
00001080
00001110
00001140
00001170
00001200
00001230
00001260
00001290
00001320
00001350
00001380
00001410
00001440
00001470
00001500
00001530
00001560
00001590
00001620
00001650
00001680
00001710
00001740
00001770
00001800
00001830
00001860
00001890
00001920
00001950
00001980
00002010
00002040
00002070
00002100
00002130
00002160
00002190
00002220
00002250
00002271
00002301
00002331
00002361
00002391
00002421
00002451
00002481
00002511
00002541
00002571
00002601
00002631
00002661
00002691
00002721
00002751
00002781
00002811
00002841
00002871
00002901
00002931
00002961
00002991
00003021
00003051
00003081
00003111
00003141
00003171
00003201
00003231
00003261
00003273
00003303
00003333
00003363
00003393
00003423
00003453
00003483
00003513
00003543
00003573
00003603
00003633
00003663
00003693
00003723
00003753
00003783
00003813
00003843
00003873
00003903
00003933
00003963
00003993
00004023
00004053
00004083
00004113
00004143
00004173
00004203
00004233
00004263
00004293
00004323
00004353
00004383
00004413
00004443
00004473
00004503
00004533
00004563
00004593
00004623
00004653
00004683
00004713
00004743
00004773
00004803
00004833
00004863
00004893
00004923
00004953
00004983
00005013
00005043
00005073
00005103
00005133
00005163
00005193
00005223
00005253
00005283
00005313
00005343
00005373
00005403
00005433
00005463
00005493
00005523
00005553
00005583
00005613
00005643
00005673
00005703
00005733
00005763
00005793
00005823
00005853
00005883
00005913
00005943
00005973
00006003
00006033
00006063
00006093
00006123
00006153
00006183
00006213
00006243
00006273
00006303
00006333
00006363
00006393
00006423
00006453
00006483
00006513
00006543
00006573
00006603
00006633
00006663
00006693
00006723
00006753
00006783
00006813
00006843
00006873
00006903
00006933
00006963
00006987
00007017
00007047
00007077
00007107
00007137
00007167
00007197
00007227
00007257
00007287
00007317
00007347
00007377
00007407
00007437
00007467
00007497
00007527
00007557
00007587
00007617
00007647
00007677
00007707
00007737
00007767
00007797
00007827
00007857
00007887
00007917
00007947
00007977
00008007
00008037
00008067
00008097
00008127
00008157
00008187
00008217
00008247
00008277
00008307
00008337
00008367
00008397
00008427
00008430
00008460
00008490
00008520
00008550
00008580
00008610
00008640
00008670
00008700
00008730
00008760
00008790
00008820
00008850
00008880
00008910
00008940
00008970
00009000
00009030
00009060
00009090
00009120
00009150
00009180
00009210
00009240
00009270
00009300
00009330
00009360
00009390
00009420
00009450
00009480
00009510
00009540
00009570
00009600
00009630
00009660
00009690
00009720
00009750
00009780
00009810
00009840
00009870
00009900
00009930
00009960
00009990
00010020
00010050
00010080
00010110
00010140
00010170
00010200
00010230
00010260
00010290
00010320
00010350
00010380
00010410
00010440
00010470
00010500
00010530
00010560
00010590
00010620
00010650
00010680
00010710
00010740
00010770
00010800
00010830
00010860
00010890
00010920
00010950
00010980
00011010
00011040
00011070
00011100
00011130
00011160
00011190
00011220
00011250
00011280
00011310
00011340
00011370
00011400
00011430
00011460
00011490
00011520
00011550
00011580
00011610
00011640
00011670
00011700
00011730
00011760
00011790
00011820
00011850
00011880
00011910
00011940
00011970
00012000
00012030
00012060
00012090
00012120
00012150
00012180
00012210
00012240
00012270
00012300
00012330
00012360
00012390
00012420
00012450
00012480
00012510
00012540
00012570
00012600
00012630
00012660
00012690
00012720
00012750
00012780
00012810
00012840
00012870
00012900
00012930
00012960
00012990
00013020
00013050
00013080
00013110
00013140
00013170
00013200
00013230
00013260
00013290
00013320
00013350
00013380
00013410
00013440
00013470
00013500
00013530
00013560
00013590
00013620
00013650
00013680
00013710
00013740
00013770
00013800
00013830
00013860
00013890
00013920
00013950
00013980
00014010
00014040
00014070
00014100
00014130
00014160
00014190
00014220
00014250
00014280
00014310
00014340
00014370
00014400
00014430
00014460
00014490
00014520
00014550
00014580
00014610
00014640
00014670
00014700
00014730
00014760
00014790
00014820
00014850
00014880
00014910
00014940
00014970
00015000
00015030
00015060
00015090
00015120
00015150
00015180
00015210
00015240
00015270
00015300
00015330
00015360
00015390
00015420
00015450
00015480
00015510
00015540
00015570
00015600
00015630
00015660
00015690
00015720
00015750
00015780
00015810
00015840
00015870
00015900
00015930
00015960
00015990
00016020
00016050
00016080
00016110
00016140
00016170
00016200
00016230
00016260
00016290
00016320
00016350
00016380
00016410
00016440
00016470
00016500
00016530
00016560
00016590
00016620
00016650
00016680
00016710
00016740
00016770
00016800
00016830
00016860
00016890
00016920
00016950
00016980
00017010
00017040
00017070
00017100
00017130
00017160
00017190
00017220
00017250
00017280
00017310
00017340
00017370
00017400
00017430
00017460
00017490
00017520
00017550
00017580
00017610
00017640
00017670
00017700
00017730
00017760
00017790
00017820
00017850
00017880
00017910
00017940
00017970
00018000
00018030
00018060
00018090
00018120
00018150
00018180
00018210
00018240
00018270
00018300
00018330
00018360
00018390
00018420
00018450
00018480
00018510
00018540
00018570
00018600
00018630
00018660
00018690
00018720
00018750
00018780
00018810
00018840
00018870
00018900
00018930
00018960
00018990
00019020
00019050
00019080
00019110
00019140
00019170
00019200
00019230
00019260
00019290
00019320
00019350
00019380
00019410
00019440
00019470
00019500
00019530
00019560
00019590
00019620
00019650
00019680
00019710
00019740
00019770
00019800
00019830
00019860
00019890
00019920
00019950
00019980
00020010
00020040
00020070
00020100
00020130
00020160
00020190
00020220
00020250
00020280
00020310
00020340
00020370
00020400
00020430
00020460
00020490
00020520
00020550
00020580
00020610
00020640
00020670
00020700
00020730
00020760
00020790
00020820
00020850
00020880
00020910
00020940
00020970
00021000
00021030
00021060
00021090
00021120
00021150
00021180
00021210
00021240
00021270
00021300
00021330
00021360
00021390
00021420
00021450
00021480
00021510
00021540
00021570
00021600
00021630
00021660
00021690
00021720
00021750
00021780
00021810
00021840
00021870
00021900
00021930
00021960
00021990
00022020
00022050
00022080
00022110
00022140
00022170
00022200
00022230
00022260
00022290
00022320
00022350
00022380
00022410
00022440
00022470
00022500
00022530
00022560
00022590
00022620
00022650
00022680
00022710
00022740
00022770
00022800
00022830
00022860
00022890
00022920
00022950
00022980
00023010
00023040
00023070
00023100
00023130
00023160
00023190
00023220
00023250
00023280
00023310
00023340
00023370
00023400
00023430
00023460
00023490
00023520
00023550
00023580
00023610
00023640
00023670
00023700
00023730
00023760
00023790
00023820
00023850
00023880
00023910
00023940
00023970
00024000
00024030
00024060
00024090
00024120
00024150
00024180
00024210
00024240
00024270
00024300
00024330
00024360
00024390
00024420
00024450
00024480
00024510
00024540
00024570
00024600
00024630
00024660
00024690
00024720
00024750
00024780
00024810
00024840
00024870
00024900
00024930
00024960
00024990
00025020
00025050
00025080
00025110
00025140
00025170
00025200
00025230
00025260
00025290
00025320
00025350
00025380
00025410
00025440
00025470
00025500
00025530
00025560
00025590
00025620
00025650
00025680
00025710
00025740
00025770
00025800
00025830
00025860
00025890
00025920
00025950
00025980
00026010
00026040
00026070
00026100
00026130
00026160
00026190
00026220
00026250
00026280
00026310
00026340
00026370
00026400
00026430
00026460
00026490
00026520
00026550
00026580
00026610
00026640
00026670
00026700
00026730
00026760
00026790
00026820
00026850
00026880
00026910
00026940
00026970
00027000
00027030
00027060
00027090
00027120
00027150
00027180
00027210
00027240
00027270
00027300
00027330
00027360
00027390
00027420
00027450
00027480
00027510
00027540
00027570
00027600
00027630
00027660
00027690
00027720
00027750
00027780
00027810
00027840
00027870
00027900
00027930
00027960
00027990
00028020
00028050
00028080
00028110
00028140
00028170
00028200
00028230
00028260
00028290
00028320
00028350
00028380
00028410
00028440
00028470
00028500
00028530
00028560
00028590
00028620
00028650
00028680
00028710
00028740
00028770
00028800
00028830
00028860
00028890
00028920
00028950
00028980
00029010
00029040
00029070
00029100
00029130
00029160
00029190
00029220
00029250
00029280
00029310
00029340
00029370
00029400
00029430
00029460
00029490
00029520
00029550
00029580
00029610
00029640
00029670
00029700
00029730
00029760
00029790
00029820
00029850
00029880
00029910
00029940
00029970
00030000
00030030
00030060
00030090
00030120
00030150
00030180
00030210
00030240
00030270
00030300
00030330
00030360
00030390
00030420
00030450
00030480
00030510
00030540
00030570
00030600
00030630
00030660
00030690
00030720
00030750
00030780
00030810
00030840
00030870
00030900
00030930
00030960
00030990
00031020
00031050
00031080
00031110
00031140
00031170
00031200
00031230
00031260
00031290
00031320
00031350
00031380
00031410
00031440
00031470
00031500
00031530
00031560
00031590
00031620
00031650
00031680
00031710
00031740
00031770
00031800
00031830
00031860
00031890
00031920
00031950
00031980
00032010
00032040
00032070
00032100
00032130
00032160
00032190
00032220
00032250
00032280
00032310
00032340
00032370
00032400
00032430
00032460
00032490
00032520
00032550
00032580
00032610
00032640
00032670
00032700
00032730
00032760
00032790
00032820
00032850
00032880
00032910
00032940
00032970
00033000
00033030
00033060
00033090
00033120
00033150
00033180
00033210
00033240
00033270
00033300
00033330
00033360
00033390
00033420
00033450
00033480
00033510
00033540
00033570
00033600
00033630
00033660
00033690
00033720
00033750
00033780
00033810
00033840
00033870
00033900
00033930
00033960
00033990
00034020
00034050
00034080
00034110
00034140
00034170
00034200
00034230
00034260
00034290
00034320
00034350
00034380
00034410
00034440
00034470
00034500
00034530
00034560
00034590
00034620
00034650
00034680
00034710
00034740
00034770
00034800
00034830
00034860
00034890
00034920
00034950
00034980
00035010
00035040
00035070
00035100
00035130
00035160
00035190
00035220
00035250
00035280
00035310
00035340
00035370
00035400
00035430
00035460
00035490
00035520
00035550
00035580
00035610
00035640
00035670
00035700
00035730
00035760
00035790
00035820
00035850
00035880
00035910
00035940
00035970
00036000
00036030
00036060
00036090
00036120
00036150
00036180
00036210
00036240
00036270
00036300
00036330
00036360
00036390
00036420
00036450
00036480
00036510
00036540
00036570
00036600
00036630
00036660
00036690
00036720
00036750
00036780
00036810
00036840
00036870
00036900
00036930
00036960
00036990
00037020
00037050
00037080
00037110
00037140
00037170
00037200
00037230
00037260
00037290
00037320
00037350
00037380
00037410
00037440
00037470
00037500
00037530
00037560
00037590
00037620
00037650
00037680
00037710
00037740
00037770
00037800
00037830
00037860
00037890
00037920
00037950
00037980
00038010
00038040
00038070
00038100
00038130
00038160
00038190
00038220
00038250
00038280
00038310
00038340
00038370
00038400
00038430
00038460
00038490
00038520
00038550
00038580
00038610
00038640
00038670
00038700
00038730
00038760
00038790
00038820
00038850
00038880
00038910
00038940
00038970
00039000
00039030
00039060
00039090
00039120
00039150
00039180
00039210
00039240
00039270
00039300
00039330
00039360
00039390
00039420
00039450
00039480
00039510
00039540
00039570
00039600
00039630
00039660
00039690
00039720
00039750
00039780
00039810
00039840
00039870
00039900
00039930
00039960
00039990
00040020
00040050
00040080
00040110
00040140
00040170
00040200
00040230
00040260
00040290
00040320
00040350
00040380
00040410
00040440
00040470
00040500
00040530
00040560
00040590
00040620
00040650
00040680
00040710
00040740
00040770
00040800
00040830
00040860
00040890
00040920
00040950
00040980
00041010
00041040
00041070
00041100
00041130
00041160
00041190
00041220
00041250
00041280
00041310
00041340
00041370
00041400
00041430
00041460
00041490
00041520
00041550
00041580
00041610
00041640
00041670
00041700
00041730
00041760
00041790
00041820
00041850
00041880
00041910
00041940
00041970
00042000
00042030
00042060
00042090
00042120
00042150
00042180
00042210
00042240
00042270
00042300
00042330
00042360
00042390
00042420
00042450
00042480
00042510
00042540
00042570
00042600
00042630
00042660
00042690
00042720
00042750
00042780
00042810
00042840
00042870
00042900
00042930
00042960
00042990
00043020
00043050
00043080
00043110
00043140
00043170
00043200
00043230
00043260
00043290
00043320
00043350
00043380
00043410
00043440
00043470
00043500
00043530
00043560
00043590
00043620
00043650
00043680
00043710
00043740
00043770
00043800
00043830
00043860
00043890
00043920
00043950
00043980
00044010
00044040
00044070
00044100
00044130
00044160
00044190
00044220
00044250
00044280
00044310
00044340
00044370
00044400
00044430
00044460
00044490
00044520
00044550
00044580
00044610
00044640
00044670
00044700
00044730
00044760
00044790
00044820
00044850
00044880
00044910
00044940
00044970
00045000
00045030
00045060
00045090
00045120
00045150
00045180
00045210
00045240
00045270
00045300
00045330
00045360
00045390
00045420
00045450
00045480
00045510
00045540
00045570
00045600
00045630
00045660
00045690
00045720
00045750
00045780
00045810
00045840
00045870
00045900
00045930
00045960
00045990
00046020
00046050
00046080
00046110
00046140
00046170
00046200
00046230
00046260
00046290
00046320
00046350
00046380
00046410
00046440
00046470
00046500
00046530
00046560
00046590
00046620
00046650
00046680
00046710
00046740
00046770
00046800
00046830
00046860
00046890
00046920
00046950
00046980
00047010
00047040
00047070
00047100
00047130
00047160
00047190
00047220
00047250
00047280
00047310
00047340
00047370
00047400
00047430
00047460
00047490
00047520
00047550
00047580
00047610
00047640
00047670
00047700
00047730
