00000000
00000030
00000060
00000090
00000120
00000150
00000180
00000210
00000240
00000270
00000300
00000330
00000360
00000390
00000420
00000450
00000480
00000510
00000540
00000570
00000600
00000630
00000660
00000690
00000720
00000750
00000780
00000810
00000840
00000870
00000900
00000930
00000960
00000990
00001020
00001050
00001080
00001110
00001140
00001170
00001200
00001230
00001260
00001290
00001320
00001350
00001380
00001410
00001440
00001470
00001500
00001530
00001560
00001590
00001620
00001650
00001680
00001710
00001740
00001770
00001800
00001830
00001860
00001890
00001920
00001950
00001980
00002010
00002040
00002070
00002100
00002130
00002160
00002190
00002220
00002250
00002280
00002310
00002340
00002370
00002400
00002430
00002460
00002490
00002520
00002550
00002580
00002610
00002640
00002670
00002700
00002730
00002760
00002790
00002820
00002850
00002880
00002910
00002940
00002970
00003000
00003030
00003060
00003090
00003120
00003150
00003180
00003210
00003240
00003270
00003300
00003330
00003360
00003390
00003420
00003450
00003480
00003510
00003540
00003570
00003600
00003630
00003660
00003690
00003720
00003750
00003780
00003810
00003840
00003870
00003900
00003930
00003960
00003990
00004020
00004050
00004080
00004110
00004140
00004170
00004200
00004230
00004260
00004290
00004320
00004350
00004380
00004410
00004440
00004470
00004500
00004530
00004560
00004590
00004620
00004650
00004680
00004710
00004740
00004770
00004800
00004830
00004860
00004890
00004920
00004950
00004980
00005010
00005040
00005070
00005100
00005130
00005160
00005190
00005220
00005250
00005280
00005310
00005340
00005370
00005400
00005430
00005460
00005490
00005520
00005550
00005580
00005610
00005640
00005670
00005700
00005730
00005760
00005790
00005820
00005850
00005880
00005910
00005940
00005970
00006000
00006030
00006060
00006090
00006120
00006150
00006180
00006210
00006240
00006270
00006300
00006330
00006360
00006390
00006420
00006450
00006480
00006510
00006540
00006570
00006600
00006630
00006660
00006690
00006720
00006750
00006780
00006810
00006840
00006870
00006900
00006930
00006960
00006990
00007020
00007050
00007080
00007110
00007140
00007170
00007200
00007230
00007260
00007290
00007320
00007350
00007380
00007410
00007440
00007470
00007500
00007530
00007560
00007590
00007620
00007650
00007680
00007710
00007740
00007770
00007800
00007830
00007860
00007890
00007920
00007950
00007980
00008010
00008040
00008070
00008100
00008130
00008160
00008190
00008220
00008250
00008280
00008310
00008340
00008370
00008400
00008430
00008460
00008490
00008520
00008550
00008580
00008610
00008640
00008670
00008700
00008730
00008760
00008790
00008820
00008850
00008880
00008910
00008940
00008970
00009000
00009030
00009060
00009090
00009120
00009150
00009180
00009210
00009240
00009270
00009300
00009330
00009360
00009390
00009420
00009450
00009480
00009510
00009540
00009570
00009600
00009630
00009660
00009690
00009720
00009750
00009780
00009810
00009840
00009870
00009900
00009930
00009960
00009990
00010020
00010050
00010080
00010110
00010140
00010170
00010200
00010230
00010260
00010290
00010320
00010350
00010380
00010410
00010440
00010470
00010500
00010530
00010560
00010590
00010620
00010650
00010680
00010710
00010740
00010770
00010800
00010830
00010860
00010890
00010920
00010950
00010980
00011010
00011040
00011070
00011100
00011130
00011160
00011190
00011220
00011250
00011280
00011310
00011340
00011370
00011400
00011430
00011460
00011490
00011520
00011550
00011580
00011610
00011640
00011670
00011700
00011730
00011760
00011790
00011820
00011850
00011880
00011910
00011940
00011970
00012000
00012030
00012060
00012090
00012120
00012150
00012180
00012210
00012240
00012270
00012300
00012330
00012360
00012390
00012420
00012450
00012480
00012510
00012540
00012570
00012600
00012630
00012660
00012690
00012720
00012750
00012780
00012810
00012840
00012870
00012900
00012930
00012960
00012990
00013020
00013050
00013080
00013110
00013140
00013170
00013200
00013230
00013260
00013290
00013320
00013350
00013380
00013410
00013440
00013470
00013500
00013530
00013560
00013590
00013620
00013650
00013680
00013710
00013740
00013770
00013800
00013830
00013860
00013890
00013920
00013950
00013980
00014010
00014040
00014070
00014100
00014130
00014160
00014190
00014220
00014250
00014280
00014310
00014340
00014370
00014400
00014430
00014460
00014490
00014520
00014550
00014580
00014610
00014640
00014670
00014700
00014730
00014760
00014790
00014820
00014850
00014880
00014910
00014940
00014970
00015000
00015030
00015060
00015090
00015120
00015150
00015180
00015210
00015240
00015270
00015300
00015330
00015360
00015390
00015420
00015450
00015480
00015510
00015540
00015570
00015600
00015630
00015660
00015690
00015720
00015750
00015780
00015810
00015840
00015870
00015900
00015930
00015960
00015990
00016020
00016050
00016080
00016110
00016140
00016170
00016200
00016230
00016260
00016290
00016320
00016350
00016380
00016410
00016440
00016470
00016500
00016530
00016560
00016590
00016620
00016650
00016680
00016710
00016740
00016770
00016800
00016830
00016860
00016890
00016920
00016950
00016980
00017010
00017040
00017070
00017100
00017130
00017160
00017190
00017220
00017250
00017280
00017310
00017340
00017370
00017400
00017430
00017460
00017490
00017520
00017550
00017580
00017610
00017640
00017670
00017700
00017730
00017760
00017790
00017820
00017850
00017880
00017910
00017940
00017970
00018000
00018030
00018060
00018090
00018120
00018150
00018180
00018210
00018240
00018249
00018279
00018309
00018339
00018369
00018399
00018429
00018459
00018489
00018519
00018549
00018579
00018609
00018639
00018669
00018699
00018729
00018759
00018789
00018819
00018849
00018879
00018909
00018939
00018969
00018999
00019029
00019059
00019089
00019119
00019149
00019179
00019209
00019239
00019269
00019299
00019329
00019359
00019389
00019419
00019449
00019479
00019509
00019539
00019569
00019599
00019629
00019659
00019689
00019719
00019749
00019779
00019809
00019839
00019869
00019899
00019929
00019959
00019989
00020019
00020049
00020079
00020109
00020139
00020169
00020199
00020229
00020259
00020289
00020319
00020349
00020379
00020400
00020430
00020460
00020490
00020520
00020550
00020580
00020610
00020640
00020670
00020700
00020730
00020760
00020790
00020820
00020850
00020880
00020910
00020940
00020970
00021000
00021030
00021060
00021090
00021120
00021150
00021180
00021210
00021240
00021270
00021300
00021330
00021360
00021390
00021420
00021450
00021480
00021510
00021540
00021570
00021600
00021630
00021660
00021690
00021720
00021750
00021780
00021810
00021837
00021867
00021897
00021927
00021957
00021987
00022017
00022047
00022077
00022107
00022137
00022167
00022197
00022227
00022257
00022287
00022317
00022347
00022377
00022407
00022437
00022467
00022497
00022527
00022557
00022587
00022617
00022647
00022677
00022707
00022737
00022767
00022797
00022827
00022857
00022887
00022917
00022947
00022977
00023007
00023037
00023067
00023097
00023127
00023157
00023187
00023217
00023247
00023277
00023307
00023337
00023367
00023397
00023427
00023457
00023487
00023517
00023520
00023550
00023580
00023610
00023640
00023670
00023700
00023730
00023760
00023790
00023820
00023850
00023880
00023910
00023940
00023970
00024000
00024030
00024060
00024090
00024120
00024150
00024180
00024210
00024240
00024270
00024300
00024330
00024360
00024390
00024420
00024450
00024480
00024510
00024540
00024570
00024600
00024630
00024660
00024690
00024720
00024750
00024780
00024810
00024840
00024870
00024900
00024930
00024960
00024990
00025020
00025050
00025080
00025110
00025140
00025170
00025200
00025230
00025260
00025290
00025320
00025350
00025380
00025410
00025440
00025470
00025500
00025530
00025560
00025590
00025620
00025650
00025680
00025710
00025740
00025770
00025800
00025830
00025860
00025890
00025920
00025950
00025980
00026010
00026040
00026070
00026100
00026130
00026160
00026190
00026220
00026250
00026280
00026310
00026340
00026370
00026400
00026430
00026460
00026490
00026520
00026550
00026580
00026610
00026640
00026670
00026700
00026730
00026760
00026790
00026820
00026850
00026880
00026910
00026940
00026970
00027000
00027030
00027060
00027090
00027120
00027150
00027180
00027210
00027240
00027270
00027300
00027330
00027360
00027390
00027420
00027450
00027480
00027510
00027540
00027570
00027600
00027630
00027660
00027690
00027720
00027750
00027780
00027810
00027840
00027870
00027900
00027930
00027960
00027990
00028020
00028050
00028080
00028110
00028140
00028170
00028200
00028230
00028260
00028290
00028320
00028350
00028380
00028410
00028440
00028470
00028500
00028530
00028560
00028590
00028620
00028650
00028680
00028710
00028740
00028770
00028800
00028830
00028860
00028890
00028920
00028950
00028980
00029010
00029040
00029070
00029100
00029130
00029160
00029190
00029220
00029250
00029280
00029310
00029340
00029370
00029400
00029430
00029460
00029490
00029520
00029550
00029580
00029610
00029640
00029670
00029700
00029730
00029760
00029790
00029820
00029850
00029880
00029910
00029940
00029970
00030000
00030030
00030060
00030090
00030120
00030150
00030180
00030210
00030240
00030270
00030300
00030330
00030360
00030390
00030420
00030450
00030480
00030510
00030540
00030570
00030600
00030630
00030660
00030690
00030720
00030750
00030780
00030810
00030840
00030870
00030900
00030930
00030960
00030990
00031020
00031050
00031080
00031110
00031140
00031170
00031200
00031230
00031260
00031290
00031299
00031329
00031359
00031389
00031419
00031449
00031479
00031509
00031539
00031569
00031599
00031629
00031659
00031689
00031719
00031749
00031779
00031809
00031839
00031869
00031899
00031929
00031959
00031989
00032019
00032049
00032079
00032109
00032139
00032169
00032178
00032208
00032238
00032268
00032298
00032328
00032358
00032388
00032418
00032448
00032478
00032508
00032538
00032568
00032598
00032628
00032658
00032688
00032718
00032748
00032778
00032808
00032838
00032868
00032898
00032928
00032958
00032988
00033018
00033048
00033078
00033108
00033138
00033168
00033198
00033228
00033258
00033288
00033318
00033348
00033378
00033408
00033438
00033468
00033498
00033528
00033558
00033588
00033618
00033648
00033678
00033708
00033738
00033768
00033798
00033828
00033858
00033888
00033918
00033948
00033978
00034008
00034038
00034068
00034098
00034128
00034158
00034188
00034218
00034248
00034278
00034308
00034338
00034368
00034398
00034428
00034458
00034488
00034518
00034548
00034578
00034608
00034638
00034668
00034698
00034728
00034758
00034788
00034818
00034848
00034878
00034908
00034938
00034968
00034998
00035028
00035058
00035088
00035118
00035148
00035178
00035208
00035238
00035268
00035298
00035328
00035358
00035388
00035418
00035448
00035478
00035508
00035538
00035568
00035598
00035628
00035658
00035688
00035718
00035748
00035778
00035808
00035838
00035868
00035898
00035928
00035958
00035988
00036018
00036048
00036078
00036108
00036138
00036168
00036198
00036228
00036258
00036288
00036318
00036348
00036378
00036408
00036438
00036468
00036498
00036528
00036558
00036588
00036618
00036648
00036678
00036708
00036738
00036768
00036798
00036828
00036858
00036888
00036918
00036948
00036978
00037008
00037038
00037068
00037098
00037128
00037158
00037188
00037218
00037248
00037278
00037308
00037338
00037368
00037398
00037428
00037458
00037488
00037518
00037548
00037578
00037608
00037638
00037668
00037698
00037728
00037743
00037773
00037803
00037833
00037863
00037893
00037923
00037953
00037983
00038013
00038043
00038073
00038103
00038133
00038163
00038193
00038223
00038253
00038283
00038313
00038343
00038373
00038403
00038433
00038463
00038493
00038523
00038553
00038583
00038613
