00000000
00000030
00000060
00000090
00000120
00000150
00000180
00000210
00000240
00000270
00000300
00000330
00000360
00000390
00000420
00000450
00000480
00000510
00000540
00000570
00000600
00000630
00000660
00000690
00000720
00000750
00000780
00000810
00000840
00000870
00000900
00000930
00000960
00000990
00001020
00001050
00001080
00001110
00001140
00001170
00001200
00001230
00001260
00001290
00001320
00001350
00001380
00001410
00001440
00001470
00001500
00001530
00001560
00001590
00001620
00001650
00001680
00001710
00001740
00001770
00001800
00001830
00001860
00001890
00001920
00001950
00001980
00002010
00002040
00002070
00002100
00002130
00002160
00002190
00002220
00002250
00002280
00002310
00002340
00002370
00002400
00002430
00002460
00002490
00002520
00002550
00002580
00002610
00002640
00002670
00002700
00002730
00002760
00002790
00002820
00002850
00002880
00002910
00002940
00002970
00003000
00003030
00003060
00003090
00003120
00003150
00003180
00003210
00003240
00003270
00003300
00003330
00003360
00003390
00003420
00003450
00003480
00003510
00003540
00003570
00003600
00003630
00003660
00003690
00003720
00003750
00003780
00003810
00003840
00003870
00003900
00003930
00003960
00003990
00004020
00004050
00004080
00004110
00004140
00004170
00004200
00004230
00004260
00004290
00004320
00004350
00004380
00004410
00004440
00004470
00004500
00004530
00004560
00004590
00004620
00004650
00004680
00004710
00004740
00004770
00004800
00004830
00004860
00004890
00004920
00004950
00004980
00005010
00005040
00005070
00005100
00005130
00005160
00005190
00005220
00005250
00005280
00005310
00005340
00005370
00005400
00005430
00005460
00005490
00005520
00005550
00005580
00005610
00005640
00005670
00005700
00005730
00005760
00005790
00005820
00005850
00005880
00005910
00005940
00005970
00006000
00006030
00006060
00006090
00006120
00006150
00006180
00006210
00006240
00006270
00006300
00006330
00006360
00006390
00006420
00006450
00006480
00006510
00006540
00006570
00006600
00006630
00006660
00006690
00006720
00006750
00006780
00006810
00006840
00006870
00006900
00006930
00006960
00006990
00007020
00007050
00007080
00007110
00007140
00007170
00007200
00007230
00007260
00007290
00007320
00007350
00007380
00007410
00007440
00007470
00007500
00007530
00007560
00007590
00007620
00007650
00007680
00007710
00007740
00007770
00007800
00007830
00007860
00007890
00007920
00007950
00007980
00008010
00008040
00008070
00008100
00008130
00008160
00008190
00008220
00008250
00008280
00008310
00008340
00008370
00008400
00008430
00008460
00008490
00008520
00008550
00008580
00008610
00008640
00008670
00008700
00008730
00008760
00008790
00008820
00008850
00008880
00008910
00008940
00008970
00009000
00009030
00009060
00009090
00009120
00009150
00009180
00009210
00009240
00009270
00009300
00009330
00009360
00009390
00009420
00009450
00009480
00009510
00009540
00009570
00009600
00009630
00009660
00009690
00009720
00009750
00009780
00009810
00009840
00009870
00009900
00009930
00009960
00009990
00010020
00010050
00010080
00010110
00010140
00010170
00010200
00010230
00010260
00010290
00010320
00010350
00010380
00010410
00010440
00010470
00010500
00010530
00010560
00010590
00010620
00010650
00010680
00010710
00010740
00010770
00010800
00010830
00010860
00010890
00010920
00010950
00010980
00011010
00011040
00011070
00011100
00011130
00011160
00011190
00011220
00011250
00011280
00011310
00011340
00011370
00011400
00011430
00011460
00011490
00011520
00011550
00011580
00011610
00011640
00011670
00011700
00011730
00011760
00011790
00011820
00011850
00011880
00011910
00011940
00011970
00012000
00012030
00012060
00012090
00012120
00012150
00012180
00012210
00012240
00012270
00012300
00012330
00012360
00012390
00012420
00012450
00012480
00012510
00012540
00012570
00012600
00012630
00012660
00012690
00012720
00012750
00012780
00012810
00012840
00012870
00012900
00012930
00012960
00012990
00013020
00013050
00013080
00013110
00013140
00013170
00013200
00013230
00013260
00013290
00013320
00013350
00013380
00013410
00013440
00013470
00013500
00013530
00013560
00013590
00013620
00013650
00013680
00013710
00013740
00013770
00013800
00013830
00013860
00013890
00013920
00013950
00013980
00014010
00014040
00014070
00014100
00014130
00014160
00014190
00014220
00014250
00014280
00014310
00014340
00014370
00014400
00014430
00014460
00014490
00014520
00014550
00014580
00014610
00014640
00014670
00014700
00014730
00014760
00014790
00014820
00014850
00014880
00014910
00014940
00014970
00015000
00015030
00015060
00015090
00015120
00015150
00015180
00015210
00015240
00015270
00015300
00015330
00015360
00015390
00015420
00015450
00015480
00015510
00015540
00015570
00015600
00015630
00015660
00015690
00015720
00015750
00015780
00015810
00015840
00015870
00015900
00015930
00015960
00015990
00016020
00016050
00016080
00016110
00016140
00016170
00016200
00016230
00016260
00016290
00016320
00016350
00016380
00016410
00016440
00016470
00016500
00016530
00016560
00016590
00016620
00016650
00016680
00016710
00016740
00016770
00016800
00016830
00016860
00016890
00016920
00016950
00016980
00017010
00017040
00017070
00017100
00017130
00017160
00017190
00017220
00017250
00017280
00017310
00017340
00017370
00017400
00017430
00017460
00017490
00017520
00017550
00017580
00017610
00017640
00017670
00017700
00017730
00017760
00017790
00017820
00017850
00017880
00017910
00017940
00017970
00018000
00018030
00018060
00018090
00018120
00018150
00018180
00018210
00018240
00018270
00018300
00018330
00018360
00018390
00018420
00018450
00018480
00018510
00018540
00018570
00018600
00018630
00018660
00018690
00018720
00018750
00018780
00018810
00018840
00018870
00018900
00018930
00018960
00018990
00019020
00019050
00019080
00019110
00019140
00019170
00019200
00019230
00019260
00019290
00019320
00019350
00019380
00019410
00019440
00019470
00019500
00019530
00019560
00019590
00019620
00019650
00019680
00019710
00019740
00019770
00019800
00019830
00019860
00019890
00019920
00019950
00019980
00020010
00020040
00020070
00020100
00020130
00020160
00020190
00020220
00020250
00020280
00020310
00020340
00020370
00020400
00020430
00020460
00020490
00020520
00020550
00020580
00020610
00020640
00020670
00020700
00020730
00020760
00020790
00020820
00020850
00020880
00020910
00020940
00020970
00021000
00021030
00021060
00021090
00021120
00021150
00021180
00021210
00021240
00021270
00021300
00021330
00021360
00021390
00021420
00021450
00021480
00021510
00021540
00021570
00021600
00021630
00021660
00021690
00021720
00021750
00021780
00021810
00021840
00021870
00021900
00021930
00021960
00021990
00022020
00022050
00022080
00022110
00022140
00022170
00022200
00022230
00022260
00022290
00022320
00022350
00022380
00022410
00022440
00022470
00022500
00022530
00022560
00022590
00022620
00022650
00022680
00022710
00022740
00022770
00022800
00022830
00022860
00022890
00022920
00022950
00022980
00023010
00023040
00023070
00023100
00023130
00023160
00023190
00023220
00023250
00023280
00023310
00023340
00023370
00023400
00023430
00023460
00023490
00023520
00023550
00023580
00023610
00023640
00023670
00023700
00023730
00023760
00023790
00023820
00023850
00023880
00023910
00023940
00023970
00024000
00024030
00024060
00024090
00024120
00024150
00024180
00024210
00024240
00024270
00024300
00024330
00024360
00024390
00024420
00024450
00024480
00024510
00024540
00024570
00024600
00024630
00024660
00024690
00024720
00024750
00024780
00024810
00024840
00024870
00024900
00024930
00024960
00024990
00025020
00025050
00025080
00025110
00025140
00025170
00025200
00025230
00025260
00025290
00025320
00025350
00025380
00025410
00025440
00025470
00025500
00025530
00025560
00025590
00025620
00025650
00025680
00025710
00025740
00025770
00025800
00025830
00025860
00025890
00025920
00025950
00025980
00026010
00026040
00026070
00026100
00026130
00026160
00026190
00026220
00026250
00026280
00026310
00026340
00026370
00026400
00026430
00026460
00026490
00026520
00026550
00026580
00026610
00026640
00026670
00026700
00026730
00026760
00026790
00026820
00026850
00026880
00026910
00026940
00026970
00027000
00027030
00027060
00027090
00027120
00027150
00027180
00027210
00027240
00027270
00027300
00027330
00027360
00027390
00027420
00027450
00027480
00027510
00027540
00027570
00027600
00027630
00027660
00027690
00027720
00027750
00027780
00027810
00027840
00027870
00027900
00027930
00027960
00027990
00028020
00028050
00028080
00028110
00028140
00028170
00028200
00028230
00028260
00028290
00028320
00028350
00028380
00028410
00028440
00028470
00028500
00028530
00028560
00028590
00028620
00028650
00028680
00028710
00028740
00028770
00028800
00028830
00028860
00028890
00028920
00028950
00028980
00029010
00029040
00029070
00029100
00029130
00029160
00029190
00029220
00029250
00029280
00029310
00029340
00029370
00029400
00029430
00029460
00029490
00029520
00029550
00029580
00029610
00029640
00029670
00029700
00029730
00029760
00029790
00029820
00029850
00029880
00029910
00029940
00029970
00030000
00030030
00030060
00030090
00030120
00030150
00030180
00030210
00030240
00030270
00030300
00030330
00030360
00030390
00030420
00030450
00030480
00030510
00030540
00030570
00030600
00030630
00030660
00030690
00030720
00030750
00030780
00030810
00030840
00030870
00030900
00030930
00030960
00030990
00031020
00031050
00031080
00031110
00031140
00031170
00031200
00031230
00031260
00031290
00031320
00031350
00031380
00031410
00031440
00031470
00031500
00031530
00031560
00031590
00031620
00031650
00031680
00031710
00031740
00031770
00031800
00031830
00031860
00031890
00031920
00031950
00031980
00032010
00032040
00032070
00032100
00032130
00032160
00032190
00032220
00032250
00032280
00032310
00032340
00032370
00032400
00032430
00032460
00032490
00032520
00032550
00032580
00032610
00032640
00032670
00032700
00032730
00032760
00032790
00032820
00032850
00032880
00032910
00032940
00032970
00033000
00033030
00033060
00033090
00033120
00033150
00033180
00033210
00033240
00033270
00033300
00033330
00033360
00033390
00033420
00033450
00033480
00033510
00033540
00033570
00033600
00033630
00033660
00033690
00033720
00033750
00033780
00033810
00033840
00033870
00033900
00033930
00033960
00033990
00034020
00034050
00034080
00034110
00034140
00034170
00034200
00034230
00034260
00034290
00034320
00034350
00034380
00034410
00034440
00034470
00034500
00034530
00034560
00034590
00034620
00034650
00034680
00034710
00034740
00034770
00034800
00034830
00034860
00034890
00034920
00034950
00034980
00035010
00035040
00035070
00035100
00035130
00035160
00035190
00035220
00035250
00035280
00035310
00035340
00035370
00035400
00035430
00035460
00035490
00035520
00035550
00035580
00035610
00035640
00035670
00035700
00035730
00035760
00035790
00035820
00035850
00035880
00035910
00035940
00035970
00036000
00036030
00036060
00036090
00036120
00036150
00036180
00036210
00036240
00036270
00036300
00036330
00036360
00036390
00036420
00036450
00036480
00036510
00036540
00036570
00036600
00036630
00036660
00036690
00036720
00036750
00036780
00036810
00036840
00036870
00036900
00036930
00036960
00036990
00037020
00037050
00037080
00037110
00037140
00037170
00037200
00037230
00037260
00037290
00037320
00037350
00037380
00037410
00037440
00037470
00037500
00037530
00037560
00037590
00037620
00037650
00037680
00037710
00037740
00037770
00037800
00037830
00037860
00037890
00037920
00037950
00037980
00038010
00038040
00038070
00038100
00038130
00038160
00038190
00038220
00038250
00038280
00038310
00038340
00038370
00038400
00038430
00038460
00038490
00038520
00038550
00038580
00038610
00038640
00038670
00038700
00038730
00038760
00038790
00038820
00038850
00038880
00038910
00038940
00038970
00039000
00039030
00039060
00039090
00039120
00039150
00039180
00039210
00039240
00039270
00039300
00039330
00039360
00039390
00039420
00039450
00039480
00039510
00039540
00039570
00039600
00039630
00039660
00039690
00039720
00039750
00039780
00039810
00039840
00039870
00039900
00039930
00039960
00039990
00040020
00040050
00040080
00040110
00040140
00040170
00040200
00040230
00040260
00040290
00040320
00040350
00040380
00040410
00040440
00040470
00040500
00040530
00040560
00040590
00040620
00040650
00040680
00040710
00040740
00040770
00040800
00040830
00040860
00040890
00040920
00040950
00040980
00041010
00041040
00041070
00041100
00041130
00041160
00041190
00041220
00041250
00041280
00041310
00041340
00041370
00041400
00041430
00041460
00041490
00041520
00041550
00041580
00041610
00041640
00041670
00041700
00041730
00041760
00041790
00041820
00041850
00041880
00041910
00041940
00041970
00042000
00042030
00042060
00042090
00042120
00042150
00042180
00042210
00042240
00042270
00042300
00042330
00042360
00042390
00042420
00042450
00042480
00042510
00042540
00042570
00042600
00042630
00042660
00042690
00042720
00042750
00042780
00042810
00042840
00042870
00042900
00042930
00042960
00042990
00043020
00043050
00043080
00043110
00043140
00043170
00043200
00043230
00043260
00043290
00043320
00043350
00043380
00043410
00043440
00043470
00043500
00043530
00043560
00043590
00043620
00043650
00043680
00043710
00043740
00043770
00043800
00043830
00043860
00043890
00043920
00043950
00043980
00044010
00044040
00044070
00044100
00044130
00044160
00044190
00044220
00044250
00044280
00044310
00044340
00044370
00044400
00044430
00044460
00044490
00044520
00044550
00044580
00044610
00044640
00044670
00044700
00044730
00044760
00044790
00044820
00044850
00044880
00044910
00044940
00044970
00045000
00045030
00045060
00045090
00045120
00045150
00045180
00045210
00045240
00045270
00045300
00045330
00045360
00045390
00045420
00045450
00045480
00045510
00045540
00045570
00045600
00045630
00045660
00045690
00045720
00045750
00045780
00045810
00045840
00045870
00045900
00045930
00045960
00045990
00046020
00046050
00046080
00046110
00046140
00046170
00046200
00046230
00046260
00046290
00046320
00046350
00046380
00046410
00046440
00046470
00046500
00046530
00046560
00046590
00046620
00046650
00046680
00046710
00046740
00046770
00046800
00046830
00046860
00046890
00046920
00046950
00046980
00047010
00047040
00047070
00047100
00047130
00047160
00047190
00047220
00047250
00047280
00047310
00047340
00047370
00047400
00047430
00047460
00047490
00047520
00047550
00047580
00047610
00047640
00047670
00047700
00047730
00047760
00047790
00047820
00047850
00047880
00047910
00047940
00047970
00048000
00048030
00048060
00048090
00048120
00048150
00048180
00048210
00048240
00048270
00048300
00048330
00048360
00048390
00048420
00048450
00048480
00048510
00048540
00048570
00048600
00048630
00048660
00048690
00048720
00048750
00048780
00048810
00048840
00048870
00048900
00048930
00048960
00048990
00049020
00049050
00049080
00049110
00049140
00049170
00049200
00049230
00049260
00049290
00049320
00049350
00049380
00049410
00049440
00049470
00049500
00049530
00049560
00049590
00049620
00049650
00049680
00049710
00049740
00049770
00049800
00049830
00049860
00049890
00049920
00049950
00049980
00050010
00050040
00050070
00050100
00050130
00050160
00050190
00050220
00050250
00050280
00050310
00050340
00050370
00050400
00050430
00050460
00050490
00050520
00050550
00050580
00050610
00050640
00050670
00050700
00050730
00050760
00050790
00050820
00050850
00050880
00050910
00050940
00050970
00051000
00051030
00051060
00051090
00051120
00051150
00051180
00051210
00051240
00051270
00051300
00051330
00051360
00051390
00051420
00051450
00051480
00051510
00051540
00051570
00051600
00051630
00051660
00051690
00051720
00051750
00051780
00051810
00051840
00051870
00051900
00051930
00051960
00051990
00052020
00052050
00052080
00052110
00052140
00052170
00052200
00052230
00052260
00052290
00052320
00052350
00052380
00052410
00052440
00052470
00052500
00052530
00052560
00052590
00052620
00052650
00052680
00052710
00052740
00052770
00052800
00052830
00052860
00052890
00052920
00052950
00052980
00053010
00053040
00053070
00053100
00053130
00053160
00053190
00053220
00053250
00053280
00053310
00053340
00053370
00053400
00053430
00053460
00053490
00053520
00053550
00053580
00053610
00053640
00053670
00053700
00053730
00053760
00053790
00053820
00053850
00053880
00053910
00053940
00053970
00054000
00054030
00054060
00054090
00054120
00054150
00054180
00054210
00054240
00054270
00054300
00054330
00054360
00054390
00054420
00054450
00054480
00054510
00054540
00054570
00054600
00054630
00054660
00054690
00054720
00054750
00054780
00054810
00054840
00054870
00054900
00054930
00054960
00054990
00055020
00055050
00055080
00055110
00055140
00055170
00055200
00055230
00055260
00055290
00055320
00055350
00055380
00055410
00055440
00055470
00055500
00055530
00055560
00055590
00055620
00055650
00055680
00055710
00055740
00055770
00055800
00055830
00055860
00055890
00055920
00055950
00055980
00056010
00056040
00056070
00056100
00056130
00056160
00056190
00056220
00056250
00056280
00056310
00056340
00056370
00056400
00056430
00056460
00056490
00056520
00056550
00056580
00056610
00056640
00056670
00056700
00056730
00056760
00056790
00056820
00056850
00056880
00056910
00056940
00056970
00057000
00057030
00057060
00057090
00057120
00057150
00057180
00057210
00057240
00057270
00057300
00057330
00057360
00057390
00057420
00057450
00057480
00057510
00057540
00057570
00057600
00057630
00057660
00057690
00057720
00057750
00057780
00057810
00057840
00057870
00057900
00057930
00057960
00057990
00058020
00058050
00058080
00058110
00058140
00058170
00058200
00058230
00058260
00058290
00058320
00058350
00058380
00058410
00058440
00058470
00058500
00058530
00058560
00058590
00058620
00058650
00058680
00058710
00058740
00058770
00058800
00058830
00058860
00058890
00058920
00058950
00058980
00059010
00059040
00059070
00059100
00059130
00059160
00059190
00059220
00059250
00059280
00059310
00059340
00059370
00059400
00059430
00059460
00059490
00059520
00059550
00059580
00059610
00059640
00059670
00059700
00059730
00059760
00059790
00059820
00059850
00059880
00059910
00059940
00059970
00060000
00060030
00060060
00060090
00060120
00060150
00060180
00060210
00060240
00060270
00060300
00060330
00060360
00060390
00060420
00060450
00060480
00060510
00060540
00060570
00060600
00060630
00060660
00060690
00060720
00060750
00060780
00060810
00060840
00060870
00060900
00060930
00060960
00060990
00061020
00061050
00061080
00061110
00061140
00061170
00061200
00061230
00061260
00061290
00061320
00061350
00061380
00061410
00061440
00061470
00061500
00061530
00061560
00061590
00061620
00061650
00061680
00061710
00061740
00061770
00061800
00061830
00061860
00061890
00061920
00061950
00061980
00062010
00062040
00062070
00062100
00062130
00062160
00062190
00062220
00062250
00062280
00062310
00062340
00062370
00062400
00062430
00062460
00062490
00062520
00062550
00062580
00062610
00062640
00062670
00062700
00062730
00062760
00062790
00062820
00062850
00062880
00062910
00062940
00062970
00063000
00063030
00063060
00063090
00063120
00063150
00063180
00063210
00063240
00063270
00063300
00063330
00063360
00063390
00063420
00063450
00063480
00063510
00063540
00063570
00063600
00063630
00063660
00063690
00063720
00063750
00063780
00063810
00063840
00063870
00063900
00063930
00063960
00063990
00064020
00064050
00064080
00064110
00064140
00064170
00064200
00064230
00064260
00064290
00064320
00064350
00064380
00064410
00064440
00064470
00064500
00064530
00064560
00064590
00064620
00064650
00064680
00064710
00064740
00064770
00064800
00064830
00064860
00064890
00064920
00064950
00064980
00065010
00065040
00065070
00065100
00065130
00065160
00065190
00065220
00065250
00065280
00065310
00065340
00065370
00065400
00065430
00065460
00065490
00065520
00065550
00065580
00065610
00065640
00065670
00065700
00065730
00065760
00065790
00065820
00065850
00065880
00065910
00065940
00065970
00066000
00066030
00066060
00066090
00066120
00066150
00066180
00066210
00066240
00066270
00066300
00066330
00066360
00066390
00066420
00066450
00066480
00066510
00066540
00066570
00066600
00066630
00066660
00066690
00066720
00066750
00066780
00066810
00066840
00066870
00066900
00066930
00066960
00066990
00067020
00067050
00067080
00067110
00067140
00067170
00067200
00067230
00067260
00067290
00067320
00067350
00067380
00067410
00067440
00067470
00067500
00067530
00067560
00067590
00067620
00067650
00067680
00067710
00067740
00067770
00067800
00067830
00067860
00067890
00067920
00067950
00067980
00068010
00068040
00068070
00068100
00068130
00068160
00068190
00068220
00068250
00068280
00068310
00068340
00068370
00068400
00068430
00068460
00068490
00068520
00068550
00068580
00068610
00068640
00068670
00068700
00068730
00068760
00068790
00068820
00068850
00068880
00068910
00068940
00068970
00069000
00069030
00069060
00069090
00069120
00069150
00069180
00069210
00069240
00069270
00069300
00069330
00069360
00069390
00069420
00069450
00069480
00069510
00069540
00069570
00069600
00069630
00069660
00069690
00069720
00069750
00069780
00069810
00069840
00069870
00069900
00069930
00069960
00069990
00070020
00070050
00070080
00070110
00070140
00070170
00070200
00070230
00070260
00070290
00070320
00070350
00070380
00070410
00070440
00070470
00070500
00070530
00070560
00070590
00070620
00070650
00070680
00070710
00070740
00070770
00070800
00070830
00070860
00070890
00070920
00070950
00070980
00071010
00071040
00071070
00071100
00071130
00071160
00071190
00071220
00071250
00071280
00071310
00071340
00071370
00071400
00071430
00071460
00071490
00071520
00071550
00071580
00071610
00071640
00071670
00071700
00071730
00071760
00071790
00071820
00071850
00071880
00071910
00071940
00071970
00072000
00072030
00072060
00072090
00072120
00072150
00072180
00072210
00072240
00072270
00072300
00072330
00072360
00072390
00072420
00072450
00072480
00072510
00072540
00072570
00072600
00072630
00072660
00072690
00072720
00072750
00072780
00072810
00072840
00072870
00072900
00072930
00072960
00072990
00073020
00073050
00073080
00073110
00073140
00073170
00073200
00073230
00073260
00073290
00073320
00073350
00073380
00073410
00073440
00073470
00073500
00073530
00073560
00073590
00073620
00073650
00073680
00073710
00073740
00073770
00073800
00073830
00073860
00073890
00073920
00073950
00073980
00074010
00074040
00074070
00074100
00074130
00074160
00074190
00074220
00074250
00074280
00074310
00074340
00074370
00074400
00074430
00074460
00074490
00074520
00074550
00074580
00074610
00074640
00074670
00074700
00074730
00074760
00074790
00074820
00074850
00074880
00074910
00074940
00074970
00075000
00075030
00075060
00075090
00075120
00075150
00075180
00075210
00075240
00075270
00075300
00075330
00075360
00075390
00075420
00075450
00075480
00075510
00075540
00075570
00075600
00075630
00075660
00075690
00075720
00075750
00075780
00075810
00075840
00075870
00075900
00075930
00075960
00075990
00076020
00076050
00076080
00076110
00076140
00076170
00076200
00076230
00076260
00076290
00076320
00076350
00076380
00076410
00076440
00076470
00076500
00076530
00076560
00076590
00076620
00076650
00076680
00076710
00076740
00076770
00076800
00076830
00076860
00076890
00076920
00076950
00076980
00077010
00077040
00077070
00077100
00077130
00077160
00077190
00077220
00077250
00077280
00077310
00077340
00077370
00077400
00077430
00077458
00077488
00077518
00077548
00077574
00077604
00077634
00077664
00077694
00077724
00077754
00077784
00077814
00077844
00077874
00077904
00077934
00077964
00077994
00078024
00078054
00078084
00078114
00078144
00078174
00078204
00078234
00078264
00078294
00078324
00078354
00078384
00078414
00078444
00078474
00078504
00078534
00078564
00078594
00078624
00078654
00078684
00078714
00078744
00078774
00078804
00078834
00078864
00078894
00078924
00078954
00078984
00079014
00079044
00079074
00079104
00079134
00079164
00079194
00079224
00079254
00079284
00079314
00079344
00079374
00079404
00079434
00079464
00079494
00079524
00079554
00079584
00079614
00079644
00079674
00079704
00079734
00079764
00079794
00079824
00079854
00079884
00079914
00079944
00079974
00080004
00080034
00080064
00080094
00080124
00080154
00080184
00080214
00080244
00080274
00080304
00080334
00080364
00080394
00080424
00080454
00080484
00080514
00080544
00080574
00080604
00080634
00080664
00080694
00080724
00080754
00080784
00080814
00080844
00080874
00080904
00080934
00080964
00080994
00081024
00081054
00081084
00081114
00081144
00081174
00081204
00081234
00081264
00081294
00081324
00081354
00081384
00081414
00081444
00081474
00081504
00081534
00081564
00081594
00081624
00081654
00081684
00081714
00081744
00081774
00081804
00081834
00081864
00081894
00081924
00081954
00081984
00082014
00082044
00082074
00082104
00082134
00082164
00082194
00082224
00082254
00082284
00082314
00082344
00082374
00082404
00082434
00082464
00082494
00082524
00082554
00082584
00082614
00082644
00082674
00082704
00082734
00082764
00082794
00082824
00082854
00082884
00082914
00082944
00082974
00083004
00083034
00083064
00083094
00083124
00083154
00083184
00083214
00083244
00083274
00083304
00083334
00083364
00083394
00083424
00083454
00083484
00083514
00083544
00083574
00083604
00083634
00083664
00083694
00083724
00083754
00083784
00083814
00083844
00083874
00083904
00083934
00083964
00083994
00084024
00084054
00084084
00084114
00084144
00084174
00084204
00084234
00084264
00084294
00084324
00084354
00084384
00084414
00084444
00084474
00084504
00084534
00084564
00084594
00084624
00084654
00084684
00084714
00084744
00084774
00084804
00084834
00084864
00084894
00084924
00084954
00084984
00085014
00085044
00085074
00085104
00085134
00085164
00085194
00085224
00085254
00085284
00085314
00085344
00085374
00085404
00085434
00085464
00085494
00085524
00085554
00085584
00085614
00085644
00085674
00085704
00085734
00085764
