00000000
00000030
00000060
00000090
00000120
00000150
00000180
00000210
00000240
00000270
00000300
00000330
00000360
00000390
00000420
00000450
00000480
00000510
00000540
00000570
00000600
00000630
00000660
00000690
00000720
00000750
00000780
00000810
00000840
00000870
00000900
00000930
00000960
00000990
00001020
00001050
00001080
00001110
00001140
00001170
00001200
00001230
00001260
00001290
00001320
00001350
00001380
00001410
00001440
00001470
00001500
00001530
00001560
00001590
00001620
00001650
00001680
00001710
00001740
00001770
00001800
00001830
00001860
00001890
00001920
00001950
00001980
00002010
00002040
00002070
00002100
00002130
00002160
00002190
00002220
00002250
00002280
00002310
00002340
00002370
00002400
00002430
00002460
00002490
00002520
00002550
00002580
00002610
00002640
00002670
00002700
00002730
00002760
00002790
00002820
00002850
00002880
00002910
00002940
00002970
00003000
00003030
00003060
00003090
00003120
00003150
00003180
00003210
00003240
00003270
00003300
00003330
00003360
00003390
00003420
00003450
00003480
00003510
00003540
00003570
00003600
00003630
00003660
00003690
00003720
00003750
00003780
00003810
00003840
00003870
00003888
00003918
00003948
00003978
00004008
00004038
00004068
00004098
00004128
00004158
00004188
00004218
00004248
00004278
00004308
00004338
00004368
00004398
00004428
00004458
00004488
00004518
00004548
00004578
00004608
00004638
00004668
00004698
00004728
00004758
00004788
00004818
00004848
00004878
00004908
00004938
00004968
00004998
00005028
00005058
00005088
00005118
00005148
00005178
00005208
00005238
00005268
00005298
00005328
00005358
00005388
00005418
00005448
00005478
00005508
00005538
00005568
00005598
00005628
00005658
00005688
00005718
00005748
00005778
00005808
00005838
00005868
00005898
00005928
00005958
00005988
00006018
00006048
00006078
00006108
00006138
00006168
00006198
00006228
00006258
00006288
00006318
00006348
00006378
00006408
00006438
00006468
00006498
00006528
00006558
00006588
00006618
00006648
00006678
00006708
00006738
00006768
00006798
00006828
00006858
00006888
00006918
00006948
00006978
00007008
00007038
00007068
00007098
00007128
00007158
00007188
00007218
00007248
00007278
00007308
00007338
00007368
00007398
00007428
00007458
00007488
00007518
00007548
00007578
00007608
00007638
00007668
00007698
00007728
00007758
00007788
00007818
00007848
00007878
00007908
00007938
00007968
00007998
00008028
00008058
00008088
00008118
00008148
00008178
00008208
00008238
00008268
00008298
00008328
00008358
00008388
00008418
00008448
00008478
00008508
00008538
00008568
00008598
00008628
00008658
00008688
00008718
00008748
00008778
00008808
00008838
00008868
00008898
00008928
00008958
00008988
00009018
00009048
00009078
00009108
00009138
00009168
00009198
00009228
00009258
00009288
00009318
00009348
00009378
00009408
00009438
00009468
00009498
00009528
00009558
00009588
00009618
00009648
00009678
00009708
00009738
00009768
00009798
00009828
00009858
00009888
00009918
00009948
00009978
00010008
00010038
00010068
00010098
00010128
00010158
00010188
00010218
00010248
00010278
00010308
00010314
00010344
00010374
00010404
00010434
00010464
00010494
00010524
00010554
00010584
00010614
00010644
00010674
00010704
00010734
00010764
00010794
00010824
00010854
00010884
00010914
00010944
00010974
00011004
00011034
00011064
00011094
00011124
00011154
00011184
00011214
00011244
00011274
00011304
00011334
00011364
00011394
00011424
00011454
00011484
00011514
00011544
00011574
00011604
00011634
00011664
00011694
00011724
00011754
00011784
00011814
00011844
00011874
00011904
00011934
00011964
00011994
00012024
00012054
00012084
00012114
00012144
00012174
00012204
00012234
00012264
00012294
00012324
00012354
00012384
00012414
00012444
00012474
00012504
00012534
00012564
00012594
00012624
00012654
00012684
00012714
00012744
00012774
00012804
00012834
00012864
00012894
00012924
00012954
00012984
00013014
00013044
00013074
00013104
00013134
00013164
00013194
00013224
00013254
00013284
00013314
00013344
00013374
00013404
00013434
00013464
00013494
00013524
00013554
00013584
00013614
00013644
00013674
00013704
00013734
00013764
00013794
00013824
00013854
00013884
00013914
00013944
00013974
00014004
00014034
00014064
00014094
00014124
00014154
00014184
00014214
00014244
00014274
00014304
00014334
00014364
00014394
00014424
00014454
00014484
00014514
00014544
00014574
00014604
00014634
00014664
00014694
00014724
00014754
00014784
00014814
00014844
00014874
00014904
00014934
00014964
00014994
00015024
00015054
00015084
00015114
00015144
00015174
00015204
00015234
00015264
00015294
00015297
00015327
00015357
00015387
00015417
00015447
00015477
00015507
00015537
00015567
00015597
00015627
00015657
00015687
00015717
00015747
00015777
00015807
00015837
00015867
00015897
00015927
00015957
00015987
00016017
00016047
00016077
00016107
00016137
00016167
00016197
00016227
00016257
00016287
00016317
00016347
00016377
00016407
00016437
00016467
00016497
00016527
00016557
00016587
00016617
00016647
00016677
00016707
00016737
00016767
00016797
00016827
00016857
00016887
00016917
00016947
00016977
00017007
00017037
00017067
00017097
00017127
00017157
00017187
00017217
00017247
00017277
00017307
00017337
00017367
00017397
00017427
00017457
00017487
00017517
00017547
00017577
00017607
00017637
00017667
00017697
00017727
00017757
00017787
00017817
00017847
00017877
00017907
00017937
00017967
00017997
00018027
00018057
00018087
00018117
00018147
00018177
00018207
00018237
00018267
00018297
00018327
00018357
00018387
00018417
00018447
00018477
00018507
00018537
00018567
00018597
00018627
00018657
00018687
00018717
00018747
00018777
00018807
00018837
00018867
00018897
00018927
00018957
00018987
00019017
00019047
00019077
00019107
00019137
00019167
00019197
00019227
00019257
00019287
00019317
00019347
00019377
00019407
00019437
00019467
00019497
00019527
00019557
00019587
00019617
00019647
00019677
00019707
00019737
00019767
00019797
00019827
00019857
00019887
00019917
00019947
00019977
00020007
00020037
00020067
00020097
00020127
00020157
00020187
00020217
00020247
00020277
00020307
00020337
00020367
00020397
00020427
00020457
00020487
00020517
00020547
00020577
00020607
00020637
00020667
00020697
00020727
00020757
00020787
00020817
00020847
00020877
00020907
00020937
00020967
00020997
00021027
00021057
00021087
00021117
00021147
00021177
00021207
00021237
00021267
00021297
00021327
00021357
00021387
00021417
00021447
00021477
00021507
00021537
00021567
00021597
00021627
00021657
00021687
00021717
00021747
00021777
00021807
00021837
00021867
00021897
00021927
00021957
00021987
00022017
00022047
00022077
00022107
00022137
00022167
00022197
00022227
00022257
00022287
00022317
00022347
00022377
00022407
00022437
00022467
00022497
00022527
00022557
00022587
00022617
00022647
00022677
00022707
00022737
00022767
00022797
00022827
00022857
00022887
00022917
00022947
00022977
00023007
00023037
00023067
00023097
00023127
00023157
00023187
00023217
00023247
00023277
00023307
00023337
00023367
00023397
00023427
00023457
00023487
00023517
00023547
00023577
00023607
00023637
00023667
00023697
00023727
00023757
00023787
00023817
00023847
00023877
00023907
00023937
00023967
00023997
00024027
00024057
00024087
00024117
00024147
00024177
00024207
00024237
00024267
00024297
00024327
00024357
00024387
00024417
00024447
00024477
00024507
00024537
00024567
00024597
00024627
00024657
00024687
00024717
00024747
00024777
00024807
00024837
00024867
00024897
00024927
00024957
00024987
00025017
00025047
00025077
00025107
00025137
00025167
00025197
00025227
00025257
00025287
00025317
00025347
00025377
00025407
00025437
00025449
00025479
00025509
00025539
00025569
00025599
00025629
00025659
00025689
00025719
00025749
00025779
00025809
00025839
00025869
00025899
00025929
00025959
00025989
00026019
00026049
00026079
00026109
00026139
00026169
00026199
00026229
00026259
00026289
00026319
00026349
00026379
00026409
00026439
00026469
00026499
00026529
00026559
00026589
00026619
00026649
00026679
00026709
00026739
00026769
00026799
00026829
00026859
00026889
00026919
00026949
00026979
00027009
00027039
00027069
00027099
00027129
00027159
00027189
00027219
00027249
00027279
00027309
00027339
00027369
00027399
00027429
00027459
00027489
00027519
00027549
00027579
00027609
00027624
00027654
00027684
00027714
00027744
00027774
00027804
00027834
00027864
00027894
00027924
00027954
00027984
00028014
00028044
00028074
00028104
00028134
00028164
00028194
00028224
00028254
00028284
00028314
00028344
00028374
00028404
00028434
00028464
00028494
00028524
00028554
00028584
00028614
00028644
00028674
00028704
00028734
00028764
00028794
00028824
00028854
00028884
00028914
00028944
00028974
00029004
00029034
00029064
00029094
00029124
00029154
00029184
00029214
00029244
00029274
00029304
00029334
00029364
00029394
00029424
00029454
00029484
00029514
00029544
00029574
00029604
00029634
00029664
00029694
00029724
00029754
00029784
00029814
00029844
00029874
00029904
00029934
00029964
00029994
00030024
00030054
00030084
00030114
00030144
00030174
00030204
00030234
00030264
00030294
00030324
00030354
00030384
00030414
00030444
00030474
00030504
00030534
00030564
00030594
00030624
00030654
00030684
00030714
00030744
00030774
00030804
00030834
00030864
00030894
00030924
00030954
00030984
00031014
00031044
00031074
00031104
00031134
00031164
00031194
00031224
00031254
00031284
00031314
00031344
00031374
00031404
00031434
00031464
00031494
00031524
00031554
00031584
00031614
00031644
00031674
00031704
00031734
00031764
00031794
00031824
00031854
00031884
00031914
00031944
00031974
00032004
00032034
00032064
00032094
00032124
00032154
00032184
00032214
00032244
00032274
00032304
00032334
00032364
00032394
00032424
00032454
00032484
00032514
00032544
00032574
00032604
00032634
00032664
00032694
00032724
00032754
00032784
00032814
00032844
00032874
00032904
00032934
00032964
00032994
00033024
00033054
00033084
00033114
00033144
00033174
00033204
00033234
00033264
00033294
00033324
00033354
00033384
00033414
00033444
00033474
00033504
00033534
00033564
00033594
00033624
00033642
00033672
00033702
00033732
00033762
00033792
00033822
00033852
00033882
00033912
00033942
00033972
00034002
00034032
00034062
00034092
00034122
00034152
00034182
00034212
00034242
00034272
00034302
00034332
00034362
00034392
00034422
00034440
00034470
00034500
00034530
00034560
00034590
00034620
00034650
00034680
00034710
00034740
00034770
00034800
00034830
00034860
00034890
00034920
00034950
00034980
00035010
00035040
00035070
00035100
00035130
00035160
00035190
00035220
00035250
00035280
00035310
00035340
00035370
00035400
00035430
00035460
00035490
00035520
00035550
00035580
00035610
00035640
00035670
00035700
00035721
00035751
00035781
00035811
00035841
00035871
00035901
00035931
00035961
00035991
00036021
00036051
00036081
00036111
00036141
00036171
00036201
00036231
00036261
00036291
00036321
00036351
00036381
00036411
00036441
00036471
00036501
00036531
00036561
00036591
00036621
00036651
00036681
00036687
00036717
00036747
00036777
00036807
00036837
00036867
00036897
00036927
00036957
00036987
00037017
00037047
00037065
00037095
00037125
00037155
00037185
00037215
00037245
00037275
00037305
00037335
00037365
00037395
00037425
00037455
00037485
00037515
00037545
00037575
00037605
00037635
00037665
00037695
00037725
00037755
00037785
00037815
00037845
00037875
00037905
00037935
00037965
00037995
00038025
00038055
00038085
00038115
00038145
00038175
00038205
00038235
00038265
00038295
00038325
00038355
00038385
00038415
00038445
00038475
00038505
00038535
00038565
00038595
00038625
00038655
00038685
00038706
00038736
00038766
00038796
00038826
00038856
00038886
00038916
00038946
00038976
00039006
00039036
00039066
00039096
00039126
00039156
00039186
00039216
00039246
00039276
00039306
00039336
00039366
00039396
00039426
00039456
00039486
00039516
00039546
00039576
00039606
00039636
00039666
00039696
00039726
00039756
00039786
00039801
00039831
00039861
00039891
00039921
00039951
00039981
00040011
00040041
00040071
00040101
00040131
00040161
00040191
00040221
00040251
00040281
00040311
00040341
00040371
00040401
00040431
00040461
00040491
00040521
00040551
00040581
00040611
00040623
00040653
00040683
00040713
00040743
00040773
00040803
00040833
00040863
00040893
00040923
00040953
00040983
00041013
00041043
00041073
00041103
00041133
00041163
00041193
00041223
00041253
00041283
00041313
00041343
00041373
00041403
00041433
00041463
00041493
00041523
00041553
00041583
00041613
00041643
00041673
00041703
00041733
00041763
00041793
00041823
00041853
00041883
00041913
00041943
00041973
00042003
00042033
00042063
00042093
00042123
00042153
00042183
00042213
00042243
00042273
00042303
00042333
00042363
00042393
00042423
00042453
00042483
00042513
00042543
00042573
00042603
00042633
00042663
00042693
00042723
00042753
00042783
00042813
00042843
00042873
00042903
00042933
00042963
00042993
00043023
00043053
00043083
00043113
00043143
00043173
00043203
00043233
00043263
00043293
00043323
00043353
00043383
00043413
00043443
00043473
00043503
00043533
00043563
00043593
00043623
00043653
00043683
00043713
00043743
00043773
00043803
00043833
00043863
00043893
00043923
00043953
00043983
00044013
00044043
00044073
00044103
00044133
00044163
00044193
00044223
