00000000
00000030
00000060
00000090
00000120
00000150
00000180
00000210
00000240
00000270
00000300
00000330
00000360
00000390
00000420
00000450
00000480
00000510
00000540
00000570
00000600
00000630
00000660
00000690
00000720
00000750
00000780
00000810
00000840
00000870
00000900
00000930
00000960
00000990
00001020
00001050
00001080
00001110
00001140
00001170
00001200
00001230
00001260
00001290
00001320
00001350
00001380
00001410
00001440
00001470
00001500
00001530
00001560
00001590
00001620
00001650
00001680
00001710
00001740
00001770
00001800
00001830
00001860
00001890
00001920
00001950
00001980
00002010
00002040
00002070
00002100
00002130
00002160
00002190
00002220
00002250
00002280
00002310
00002340
00002370
00002400
00002430
00002460
00002490
00002520
00002550
00002580
00002610
00002640
00002670
00002700
00002730
00002760
00002790
00002820
00002850
00002880
00002910
00002940
00002970
00003000
00003030
00003060
00003090
00003120
00003150
00003180
00003210
00003240
00003258
00003288
00003318
00003348
00003378
00003408
00003438
00003468
00003498
00003528
00003558
00003588
00003618
00003648
00003678
00003708
00003738
00003768
00003798
00003828
00003858
00003888
00003918
00003948
00003978
00004008
00004038
00004068
00004098
00004128
00004158
00004188
00004218
00004248
00004278
00004308
00004338
00004362
00004392
00004422
00004452
00004482
00004512
00004542
00004572
00004602
00004632
00004662
00004692
00004722
00004752
00004782
00004812
00004842
00004872
00004884
00004914
00004944
00004974
00005004
00005034
00005064
00005094
00005124
00005154
00005184
00005214
00005244
00005274
00005304
00005334
00005364
00005394
00005424
00005454
00005484
00005514
00005544
00005574
00005604
00005634
00005664
00005694
00005724
00005754
00005784
00005814
00005844
00005874
00005904
00005934
00005964
00005994
00006024
00006054
00006084
00006114
00006144
00006174
00006204
00006234
00006264
00006294
00006324
00006354
00006384
00006390
00006420
00006450
00006480
00006510
00006540
00006570
00006600
00006630
00006660
00006690
00006720
00006750
00006780
00006810
00006840
00006870
00006900
00006930
00006960
00006990
00007020
00007050
00007080
00007110
00007140
00007170
00007200
00007230
00007260
00007290
00007320
00007350
00007380
00007410
00007440
00007470
00007500
00007530
00007560
00007590
00007620
00007650
00007680
00007710
00007740
00007770
00007800
00007830
00007860
00007890
00007920
00007950
00007980
00008010
00008040
00008070
00008100
00008130
00008160
00008190
00008220
00008250
00008280
00008310
00008340
00008370
00008400
00008430
00008460
00008490
00008520
00008550
00008580
00008610
00008640
00008670
00008700
00008730
00008760
00008790
00008820
00008850
00008880
00008910
00008940
00008970
00009000
00009030
00009060
00009090
00009120
00009150
00009180
00009210
00009240
00009270
00009300
00009330
00009360
00009390
00009420
00009450
00009480
00009498
00009528
00009558
00009588
00009618
00009648
00009678
00009708
00009738
00009768
00009798
00009828
00009858
00009888
00009918
00009948
00009978
00010008
00010038
00010068
00010098
00010128
00010158
00010188
00010218
00010248
00010278
00010308
00010338
00010368
00010398
00010428
00010458
00010488
00010518
00010548
00010578
00010608
00010638
00010668
00010698
00010728
00010758
00010788
00010818
00010848
00010878
00010908
00010938
00010968
00010998
00011028
00011058
00011088
00011118
00011148
00011178
00011208
00011238
00011268
00011298
00011328
00011358
00011388
00011418
00011448
00011478
00011508
00011538
00011568
00011598
00011628
00011658
00011688
00011718
00011748
00011778
00011808
00011838
00011868
00011898
00011928
00011958
00011988
00012018
00012048
00012078
00012108
00012138
00012168
00012198
00012228
00012258
00012288
00012318
00012348
00012378
00012408
00012438
00012468
00012498
00012528
00012558
00012588
00012618
00012648
00012678
00012708
00012738
00012768
00012798
00012828
00012858
00012888
00012918
00012948
00012978
00013008
00013038
00013068
00013098
00013128
00013158
00013188
00013218
00013248
00013278
00013308
00013338
00013368
00013398
00013428
00013458
00013488
00013518
00013548
00013578
00013608
00013638
00013668
00013698
00013728
00013758
00013788
00013815
00013845
00013875
00013905
00013935
00013965
00013995
00014025
00014055
00014085
00014115
00014145
00014175
00014205
00014235
00014265
00014295
00014325
00014355
00014385
00014415
00014445
00014475
00014505
00014535
00014565
00014595
00014625
00014655
00014685
00014715
00014745
00014775
00014805
00014835
00014865
00014895
00014925
00014955
00014985
00015015
00015045
00015075
00015105
00015135
00015165
00015195
00015225
00015240
00015270
00015300
00015330
00015360
00015390
00015420
00015450
00015480
00015510
00015540
00015570
00015600
00015630
00015660
00015690
00015720
00015750
00015780
00015810
00015840
00015870
00015900
00015930
00015960
00015990
00016020
00016050
00016080
00016110
00016140
00016170
00016200
00016230
00016260
00016290
00016320
00016350
00016380
00016410
00016440
00016470
00016500
00016530
00016560
00016590
00016620
00016650
00016680
00016710
00016740
00016770
00016800
00016830
00016860
00016890
00016920
00016950
00016980
00017010
00017040
00017070
00017100
00017130
00017160
00017190
00017220
00017250
00017280
00017310
00017340
00017370
00017400
00017430
00017460
00017490
00017520
00017550
00017580
00017610
00017640
00017670
00017700
00017730
00017760
00017790
00017820
00017850
00017880
00017910
00017940
00017970
00018000
00018030
00018060
00018090
00018120
00018150
00018180
00018210
00018240
00018270
00018300
00018330
00018336
00018366
00018396
00018426
00018456
00018486
00018516
00018546
00018576
00018606
00018636
00018666
00018696
00018726
00018756
00018786
00018816
00018846
00018876
00018906
00018936
00018966
00018996
00019026
00019056
00019086
00019116
00019146
00019176
00019206
00019236
00019266
00019296
00019326
00019356
00019386
00019416
00019446
00019476
00019506
00019536
00019566
00019596
00019611
00019641
00019671
00019701
00019731
00019761
00019791
00019821
00019851
00019881
00019911
00019941
00019971
00020001
00020031
00020061
00020091
00020121
00020151
00020181
00020211
00020241
00020271
00020301
00020331
00020361
00020391
00020421
00020451
00020481
00020511
00020541
00020571
00020601
00020631
00020661
00020691
00020721
00020751
00020769
00020799
00020829
00020859
00020889
00020919
00020949
00020979
00021009
00021039
00021069
00021099
00021129
00021159
00021189
00021207
00021237
00021267
00021297
00021327
00021357
00021387
00021417
00021441
00021471
00021501
00021531
00021561
00021585
00021615
00021645
00021675
00021705
00021735
00021765
00021795
00021825
00021855
00021885
00021915
00021945
00021975
00022005
00022035
00022065
00022095
00022125
00022155
00022185
00022215
00022245
00022275
00022305
00022335
00022365
00022395
00022425
00022455
00022485
00022515
00022545
00022575
00022605
00022635
00022665
00022695
00022725
00022755
00022785
00022815
00022845
00022875
00022905
00022935
00022965
00022995
00023025
00023055
00023085
00023115
00023145
00023175
00023205
00023235
00023265
00023295
00023325
00023355
00023385
00023415
00023445
00023475
00023505
00023535
00023565
00023595
00023625
00023655
00023685
00023715
00023745
00023775
00023805
00023835
00023865
00023895
00023925
00023955
00023985
00024015
00024045
00024075
00024105
00024135
00024165
00024195
00024225
00024255
00024285
00024315
00024345
00024375
00024405
00024435
00024465
00024495
00024525
00024555
00024585
00024615
00024645
00024675
00024705
00024735
00024765
00024795
00024825
00024855
00024885
00024915
00024945
00024975
00025005
00025035
00025065
00025095
00025125
00025155
00025185
00025215
00025245
00025275
00025305
00025335
00025365
00025395
00025425
00025455
00025485
00025515
00025545
00025575
00025605
00025635
00025665
00025695
00025725
00025755
00025785
00025815
00025845
00025875
00025905
00025935
00025965
00025995
00026025
00026055
00026085
00026115
00026145
00026175
00026205
00026235
00026265
00026295
00026325
00026355
00026385
00026415
00026445
00026475
00026505
00026535
