00000000
00000030
00000060
00000090
00000120
00000150
00000180
00000210
00000240
00000270
00000300
00000330
00000360
00000390
00000420
00000450
00000480
00000510
00000540
00000570
00000600
00000630
00000660
00000690
00000720
00000750
00000780
00000810
00000840
00000870
00000900
00000930
00000960
00000990
00001020
00001050
00001080
00001110
00001140
00001170
00001200
00001230
00001260
00001290
00001320
00001350
00001380
00001410
00001440
00001470
00001500
00001530
00001560
00001590
00001620
00001650
00001680
00001710
00001740
00001770
00001800
00001830
00001860
00001890
00001920
00001950
00001980
00002010
00002040
00002070
00002100
00002130
00002160
00002190
00002220
00002250
00002280
00002310
00002340
00002370
00002400
00002430
00002460
00002490
00002520
00002550
00002580
00002610
00002640
00002670
00002700
00002730
00002760
00002790
00002820
00002850
00002880
00002910
00002940
00002970
00003000
00003030
00003060
00003090
00003120
00003150
00003180
00003210
00003240
00003270
00003300
00003330
00003360
00003390
00003420
00003450
00003480
00003510
00003540
00003570
00003600
00003630
00003660
00003690
00003720
00003750
00003780
00003810
00003840
00003870
00003900
00003930
00003960
00003990
00004020
00004050
00004080
00004110
00004140
00004170
00004200
00004230
00004260
00004290
00004320
00004350
00004380
00004410
00004440
00004470
00004500
00004530
00004560
00004590
00004620
00004650
00004680
00004710
00004740
00004770
00004800
00004830
00004860
00004890
00004920
00004923
00004953
00004983
00005013
00005043
00005073
00005103
00005133
00005163
00005193
00005223
00005253
00005283
00005313
00005343
00005373
00005403
00005433
00005463
00005493
00005523
00005553
00005583
00005613
00005643
00005673
00005703
00005733
00005763
00005793
00005823
00005853
00005883
00005913
00005943
00005973
00006003
00006033
00006063
00006093
00006123
00006153
00006183
00006213
00006243
00006273
00006303
00006333
00006363
00006393
00006423
00006453
00006483
00006513
00006543
00006573
00006603
00006633
00006663
00006693
00006723
00006753
00006783
00006813
00006843
00006873
00006903
00006933
00006963
00006993
00007023
00007053
00007083
00007113
00007143
00007173
00007203
00007233
00007263
00007293
00007323
00007353
00007383
00007413
00007443
00007473
00007503
00007533
00007563
00007593
00007623
00007653
00007683
00007713
00007743
00007773
00007803
00007833
00007863
00007893
00007923
00007953
00007983
00008013
00008043
00008073
00008103
00008133
00008163
00008193
00008223
00008253
00008283
00008313
00008343
00008373
00008403
00008433
00008463
00008493
00008523
00008553
00008583
00008613
00008643
00008673
00008703
00008733
00008763
00008793
00008823
00008853
00008883
00008913
00008943
00008973
00009003
00009033
00009063
00009093
00009123
00009153
00009183
00009213
00009243
00009273
00009303
00009333
00009363
00009393
00009423
00009453
00009483
00009513
00009543
00009573
00009603
00009633
00009663
00009693
00009723
00009753
00009783
00009813
00009843
00009873
00009903
00009933
00009963
00009993
00010023
00010053
00010083
00010113
00010143
00010173
00010203
00010233
00010263
00010293
00010323
00010353
00010383
00010413
00010443
00010473
00010503
00010533
00010563
00010593
00010623
00010653
00010683
00010713
00010743
00010773
00010803
00010833
00010863
00010893
00010923
00010953
00010983
00011013
00011043
00011073
00011103
00011133
00011163
00011193
00011223
00011253
00011283
00011313
00011343
00011373
00011403
00011433
00011463
00011493
00011523
00011553
00011583
00011613
00011643
00011673
00011703
00011733
00011763
00011793
00011823
00011853
00011883
00011913
00011943
00011973
00012003
00012033
00012063
00012093
00012123
00012153
00012183
00012213
00012243
00012273
00012303
00012333
00012363
00012393
00012423
00012453
00012483
00012513
00012543
00012573
00012603
00012633
00012663
00012693
00012723
00012753
00012783
00012813
00012843
00012873
00012903
00012933
00012963
00012993
00013023
00013053
00013083
00013113
00013143
00013173
00013203
00013233
00013263
00013293
00013323
00013353
00013383
00013413
00013443
00013473
00013503
00013533
00013563
00013593
00013623
00013653
00013683
00013713
00013743
00013773
00013803
00013833
00013863
00013893
00013923
00013953
00013983
00014013
00014043
00014073
00014103
00014133
00014163
00014193
00014223
00014253
00014283
00014313
00014343
00014373
00014403
00014433
00014463
00014493
00014523
00014553
00014583
00014613
00014643
00014673
00014703
00014733
00014763
00014793
00014823
00014853
00014883
00014913
00014943
00014973
00015003
00015021
00015051
00015081
00015111
00015141
00015171
00015201
00015231
00015261
00015291
00015321
00015351
00015381
00015411
00015441
00015471
00015501
00015531
00015561
00015591
00015621
00015651
00015681
00015711
00015741
00015771
00015801
00015831
00015861
00015891
00015921
00015951
00015981
00016011
00016041
00016071
00016101
00016131
00016161
00016191
00016221
00016251
00016281
00016311
00016341
00016371
00016401
00016431
00016461
00016491
00016521
00016551
00016581
00016611
00016641
00016671
00016701
00016731
00016761
00016791
00016821
00016851
00016881
00016911
00016941
00016971
00017001
00017031
00017061
00017091
00017121
00017151
00017181
00017211
00017241
00017271
00017301
00017331
00017361
00017391
00017421
00017451
00017481
00017511
00017541
00017571
00017601
00017631
00017661
00017691
00017721
00017751
00017781
00017811
00017841
00017871
00017901
00017931
00017961
00017991
00018021
00018051
00018081
00018111
00018141
00018171
00018201
00018231
00018261
00018291
00018321
00018351
00018381
00018411
00018441
00018471
00018501
00018531
00018561
00018591
00018621
00018651
00018681
00018711
00018741
00018771
00018801
00018831
00018861
00018891
00018921
00018951
00018981
00019011
00019041
00019071
00019101
00019131
00019161
00019191
00019221
00019251
00019281
00019311
00019341
00019371
00019401
00019431
00019461
00019491
00019521
00019551
00019581
00019611
00019641
00019671
00019701
00019731
00019761
00019791
00019821
00019851
00019881
00019911
00019941
00019971
00020001
00020031
00020061
00020091
00020121
00020151
00020181
00020211
00020241
00020271
00020301
00020331
00020361
00020391
00020421
00020451
00020481
00020511
00020541
00020571
00020601
00020631
00020661
00020691
00020721
00020751
00020781
00020811
00020841
00020871
00020901
00020931
00020961
00020991
00021021
00021051
00021081
00021111
00021141
00021171
00021201
00021231
00021261
00021291
00021321
00021351
00021381
00021411
00021441
00021471
00021501
00021531
00021561
00021591
00021621
00021651
00021681
00021711
00021741
00021771
00021801
00021831
00021861
00021891
00021921
00021951
00021981
00022011
00022041
00022071
00022101
00022131
00022161
00022191
00022221
00022251
00022281
00022311
00022341
00022371
00022401
00022431
00022461
00022491
00022521
00022551
00022581
00022611
00022641
00022671
00022701
00022731
00022761
00022791
00022821
00022851
00022881
00022911
00022941
00022971
00023001
00023031
00023061
00023091
00023121
00023151
00023181
00023190
00023220
00023250
00023280
00023310
00023340
00023370
00023400
00023430
00023460
00023490
00023520
00023550
00023580
00023610
00023640
00023670
00023700
00023730
00023760
00023790
00023820
00023826
00023856
00023886
00023916
00023946
00023976
00024006
00024036
00024066
00024096
00024126
00024156
00024186
00024216
00024246
00024276
00024306
00024336
00024366
00024396
00024426
00024456
00024486
00024516
00024546
00024576
00024606
00024636
00024666
00024696
00024726
00024756
00024786
00024816
00024846
00024876
00024906
00024936
00024966
00024996
00025026
00025056
00025086
00025116
00025146
00025176
