00000000
00000030
00000060
00000090
00000120
00000150
00000180
00000210
00000240
00000270
00000300
00000330
00000360
00000390
00000420
00000450
00000480
00000510
00000540
00000570
00000600
00000630
00000660
00000690
00000720
00000750
00000780
00000810
00000840
00000870
00000900
00000930
00000960
00000990
00001020
00001050
00001080
00001110
00001140
00001170
00001200
00001230
00001260
00001290
00001320
00001350
00001380
00001410
00001440
00001470
00001500
00001530
00001560
00001590
00001620
00001650
00001680
00001710
00001740
00001770
00001800
00001830
00001860
00001890
00001920
00001950
00001965
00001995
00002025
00002055
00002085
00002115
00002145
00002175
00002205
00002235
00002265
00002295
00002325
00002355
00002385
00002415
00002445
00002475
00002505
00002535
00002565
00002595
00002625
00002655
00002685
00002715
00002745
00002775
00002805
00002835
00002865
00002895
00002925
00002955
00002985
00003015
00003045
00003075
00003105
00003135
00003165
00003195
00003225
00003255
00003285
00003315
00003345
00003375
00003405
00003435
00003465
00003495
00003525
00003555
00003585
00003615
00003645
00003675
00003705
00003735
00003765
00003795
00003825
00003855
00003885
00003915
00003945
00003975
00004005
00004035
00004065
00004095
00004125
00004155
00004185
00004215
00004245
00004275
00004305
00004335
00004365
00004395
00004425
00004455
00004485
00004515
00004545
00004575
00004605
00004635
00004665
00004695
00004725
00004755
00004785
00004815
00004845
00004875
00004905
00004935
00004965
00004995
00005025
00005055
00005085
00005115
00005145
00005175
00005205
00005235
00005265
00005295
00005325
00005355
00005358
00005388
00005418
00005448
00005478
00005508
00005538
00005568
00005598
00005628
00005658
00005688
00005718
00005748
00005778
00005808
00005838
00005868
00005898
00005928
00005958
00005988
00006018
00006048
00006078
00006108
00006138
00006168
00006198
00006228
00006258
00006288
00006318
00006348
00006378
00006408
00006438
00006468
00006498
00006528
00006558
00006588
00006618
00006648
00006678
00006708
00006738
00006768
00006798
00006828
00006858
00006888
00006918
00006948
00006978
00007008
00007038
00007068
00007098
00007128
00007158
00007188
00007218
00007248
00007278
00007308
00007338
00007368
00007398
00007428
00007458
00007488
00007518
00007548
00007578
00007608
00007638
00007668
00007698
00007728
00007758
00007788
00007818
00007848
00007878
00007908
00007938
00007968
00007998
00008028
00008058
00008088
00008118
00008148
00008178
00008208
00008238
00008268
00008298
00008328
00008358
00008388
00008418
00008448
00008478
00008508
00008538
00008568
00008598
00008628
00008658
00008688
00008718
00008748
00008778
00008808
00008838
00008868
00008898
00008928
00008958
00008988
00009018
00009048
00009078
00009108
00009138
00009168
00009198
00009228
00009258
00009288
00009318
00009348
00009378
00009408
00009438
00009468
00009498
00009528
00009558
00009588
00009618
00009648
00009678
00009708
00009738
00009768
00009798
00009828
00009858
00009888
00009918
00009933
00009963
00009993
00010023
00010053
00010083
00010113
00010143
00010173
00010203
00010233
00010263
00010293
00010323
00010353
00010383
00010413
00010443
00010473
00010503
00010533
00010563
00010593
00010623
00010653
00010683
00010713
00010743
00010773
00010803
00010833
00010863
00010893
00010923
00010953
00010983
00011013
00011043
00011073
00011103
00011133
00011163
00011193
00011223
00011253
00011283
00011313
00011343
00011373
00011403
00011433
00011463
00011493
00011523
00011553
00011583
00011613
00011643
00011673
00011703
00011733
00011763
00011793
00011823
00011853
00011883
00011913
00011943
00011973
00012003
00012033
00012063
00012093
00012123
00012153
00012183
00012213
00012243
00012273
00012303
00012333
00012363
00012393
00012423
00012453
00012483
00012513
00012543
00012573
00012603
00012633
00012663
00012693
00012723
00012753
00012771
00012801
00012831
00012861
00012891
00012921
00012951
00012981
00013011
00013041
00013071
00013101
00013131
00013161
00013191
00013221
00013227
00013257
00013287
00013317
00013347
00013377
00013407
00013437
00013467
00013497
00013527
00013557
00013587
00013617
00013647
00013677
00013707
00013737
00013767
00013797
00013827
00013857
00013887
00013917
00013947
00013977
00014007
00014037
00014067
00014097
00014127
00014157
00014187
00014217
00014247
00014265
00014295
00014325
00014355
00014385
00014415
00014445
00014475
00014505
00014535
00014565
00014595
00014625
00014655
00014685
