00000000
00000030
00000060
00000090
00000120
00000150
00000180
00000210
00000240
00000270
00000300
00000330
00000360
00000390
00000420
00000450
00000480
00000510
00000540
00000570
00000600
00000630
00000660
00000690
00000720
00000750
00000780
00000810
00000840
00000870
00000900
00000930
00000960
00000990
00001020
00001050
00001080
00001110
00001140
00001170
00001200
00001230
00001260
00001290
00001320
00001350
00001380
00001410
00001440
00001470
00001500
00001530
00001560
00001590
00001620
00001650
00001680
00001710
00001740
00001770
00001800
00001830
00001860
00001890
00001920
00001950
00001980
00002010
00002040
00002070
00002100
00002130
00002160
00002190
00002220
00002250
00002280
00002310
00002340
00002370
00002400
00002430
00002460
00002490
00002520
00002550
00002580
00002610
00002640
00002670
00002700
00002730
00002760
00002790
00002820
00002850
00002880
00002910
00002940
00002970
00003000
00003030
00003060
00003090
00003120
00003150
00003180
00003210
00003240
00003270
00003300
00003330
00003360
00003390
00003420
00003450
00003480
00003510
00003540
00003570
00003600
00003630
00003660
00003690
00003720
00003750
00003780
00003810
00003840
00003870
00003900
00003930
00003960
00003990
00004020
00004050
00004080
00004110
00004140
00004170
00004200
00004230
00004260
00004290
00004320
00004350
00004380
00004410
00004440
00004470
00004500
00004530
00004560
00004590
00004620
00004650
00004680
00004710
00004740
00004770
00004800
00004830
00004860
00004890
00004920
00004950
00004980
00005010
00005040
00005070
00005100
00005130
00005160
00005190
00005220
00005250
00005280
00005310
00005340
00005370
00005400
00005430
00005460
00005490
00005520
00005550
00005580
00005610
00005640
00005670
00005700
00005730
00005760
00005790
00005820
00005850
00005880
00005910
00005940
00005970
00006000
00006030
00006060
00006090
00006120
00006150
00006180
00006210
00006240
00006270
00006300
00006330
00006360
00006390
00006420
00006450
00006480
00006510
00006540
00006570
00006600
00006630
00006660
00006690
00006720
00006750
00006780
00006810
00006840
00006870
00006900
00006930
00006960
00006990
00007020
00007050
00007080
00007110
00007140
00007170
00007200
00007230
00007260
00007290
00007320
00007350
00007380
00007410
00007440
00007470
00007500
00007530
00007560
00007590
00007620
00007650
00007680
00007710
00007740
00007770
00007800
00007830
00007860
00007890
00007920
00007950
00007980
00008010
00008040
00008070
00008100
00008130
00008160
00008190
00008220
00008250
00008280
00008310
00008325
00008355
00008385
00008415
00008445
00008475
00008505
00008535
00008565
00008595
00008625
00008655
00008685
00008715
00008745
00008775
00008805
00008835
00008865
00008895
00008925
00008955
00008985
00009015
00009045
00009075
00009105
00009135
00009165
00009195
00009225
00009255
00009285
00009315
00009345
00009375
00009405
00009435
00009465
00009495
00009525
00009555
00009585
00009615
00009645
00009675
00009705
00009735
00009765
00009795
00009825
00009855
00009885
00009915
00009945
00009975
00010005
00010035
00010065
00010095
00010125
00010155
00010185
00010215
00010245
00010275
00010305
00010335
00010365
00010395
00010425
00010455
00010485
00010515
00010545
00010575
00010605
00010635
00010665
00010695
00010725
00010755
00010785
00010815
00010845
00010875
00010905
00010935
00010965
00010995
00011025
00011055
00011085
00011115
00011145
00011175
00011205
00011235
00011265
00011295
00011325
00011355
00011385
00011415
00011445
00011475
00011505
00011535
00011565
00011595
00011625
00011655
00011685
00011715
00011745
00011775
00011805
00011835
00011865
00011895
00011925
00011955
00011985
00012015
00012045
00012075
00012105
00012135
00012165
00012195
00012225
00012255
00012285
00012315
00012345
00012375
00012405
00012435
00012465
00012495
00012525
00012555
00012585
00012615
00012645
00012675
00012705
00012735
00012765
00012795
00012825
00012855
00012885
00012915
00012945
00012975
00013005
00013035
00013065
00013095
00013125
00013155
00013185
00013215
00013245
00013275
00013305
00013335
00013365
00013395
00013425
00013455
00013485
00013515
00013545
00013575
00013605
00013635
00013665
00013695
00013725
00013755
00013785
00013815
00013845
00013875
00013905
00013935
00013965
00013995
00014025
00014055
00014085
00014115
00014145
00014175
00014205
00014235
00014265
00014295
00014325
00014355
00014385
00014415
00014445
00014475
00014505
00014535
00014565
00014595
00014625
00014655
00014685
00014715
00014745
00014775
00014805
00014835
00014865
00014895
00014925
00014955
00014985
00015015
00015045
00015075
00015105
00015135
00015165
00015195
00015225
00015255
00015285
00015315
00015345
00015375
00015405
00015435
00015465
00015495
00015525
00015555
00015585
00015615
00015645
00015675
00015705
00015735
00015765
00015795
00015825
00015855
00015885
00015915
00015945
00015975
00016005
00016035
00016065
00016095
00016125
00016155
00016185
00016215
00016245
00016275
00016305
00016335
00016365
00016395
00016425
00016455
00016485
00016515
00016545
00016575
00016605
00016635
00016665
00016695
00016725
00016755
00016785
00016815
00016845
00016875
00016905
00016935
00016965
00016995
00017025
00017055
00017085
00017115
00017145
00017175
00017205
00017235
00017265
00017295
00017325
00017355
00017385
00017415
00017445
00017475
00017505
00017535
00017565
00017595
00017625
00017655
00017685
00017715
00017745
00017775
00017805
00017835
00017865
00017895
00017925
00017955
00017985
00018015
00018045
00018075
00018105
00018135
00018165
00018195
00018225
00018255
00018285
00018315
00018345
00018375
00018405
00018435
00018465
00018495
00018525
00018555
00018585
00018615
00018645
00018675
00018705
00018735
00018765
00018795
00018825
00018855
00018885
00018915
00018945
00018975
00019005
00019035
00019065
00019095
00019125
00019155
00019185
00019215
00019245
00019275
00019305
00019335
00019365
00019395
00019425
00019455
00019485
00019515
00019545
00019575
00019605
00019635
00019665
00019695
00019725
00019755
00019785
00019815
00019845
00019875
00019905
00019935
00019965
00019995
00020025
00020055
00020085
00020115
00020145
00020175
00020205
00020235
00020265
00020295
00020325
00020355
00020385
00020415
00020445
00020475
00020505
00020535
00020565
00020595
00020625
00020655
00020685
00020715
00020745
00020775
00020805
00020835
00020865
00020895
00020925
00020955
00020985
00021015
00021045
00021075
00021105
00021135
00021165
00021195
00021225
00021255
00021285
00021315
00021345
00021375
00021405
00021435
00021465
00021495
00021525
00021555
00021585
00021615
00021645
00021675
00021705
00021735
00021765
00021795
00021825
00021855
00021885
00021915
00021945
00021975
00022005
00022035
00022065
00022095
00022125
00022155
00022185
00022215
00022245
00022275
00022305
00022335
00022365
00022395
00022425
00022455
00022485
00022515
00022545
00022575
00022605
00022635
00022665
00022695
00022725
00022755
00022785
00022815
00022845
00022875
00022905
00022935
00022965
00022995
00023025
00023055
00023085
00023115
00023145
00023175
00023205
00023235
00023265
00023295
00023325
00023355
00023385
00023415
00023445
00023475
00023505
00023535
00023565
00023595
00023625
00023655
00023685
00023715
00023745
00023775
00023805
00023835
00023865
00023895
00023925
00023955
00023985
00024015
00024045
00024075
00024105
00024135
00024165
00024195
00024225
00024255
00024285
00024315
00024345
00024375
00024405
00024435
00024465
00024495
00024525
00024555
00024585
00024615
00024645
00024675
00024705
00024735
00024765
00024795
00024825
00024855
00024885
00024915
00024945
00024975
00025005
00025035
00025065
00025095
00025125
00025155
00025185
00025215
00025245
00025275
00025305
00025335
00025365
00025395
00025425
00025455
00025485
00025515
00025545
00025575
00025605
00025635
00025665
00025695
00025725
00025755
00025785
00025815
00025845
00025875
00025905
00025935
00025965
00025995
00026025
00026055
00026085
00026115
00026145
00026175
00026205
00026235
00026265
00026295
00026325
00026355
00026385
00026415
00026445
00026475
00026505
00026535
00026565
00026595
00026625
00026655
00026685
00026715
00026745
00026775
00026805
00026835
00026865
00026895
00026925
00026955
00026985
00027015
00027045
00027075
00027105
00027135
00027165
00027195
00027225
00027255
00027285
00027315
00027345
00027375
00027405
00027435
00027465
00027495
00027525
00027555
00027585
00027615
00027645
00027675
00027705
00027735
00027765
00027795
00027825
00027855
00027885
00027915
00027945
00027975
00028005
00028035
00028065
00028095
00028125
00028155
00028185
00028215
00028245
00028275
00028305
00028335
00028365
00028395
00028425
00028455
00028485
00028515
00028545
00028575
00028605
00028635
00028665
00028695
00028725
00028755
00028785
00028815
00028845
00028875
00028905
00028935
00028965
00028995
00029025
00029055
00029085
00029115
00029145
00029175
00029205
00029235
00029265
00029295
00029325
00029355
00029385
00029415
00029445
00029475
00029505
00029535
00029565
00029595
00029625
00029655
00029685
00029715
00029745
00029775
00029805
00029835
00029865
00029895
00029925
00029955
00029985
00030015
00030045
00030075
00030105
00030135
00030165
00030195
00030225
00030255
00030285
00030315
00030345
00030375
00030405
00030435
00030465
00030495
00030525
00030555
00030585
00030615
00030645
00030675
00030705
00030735
00030765
00030795
00030825
00030855
00030885
00030915
00030945
00030975
00031005
00031035
00031065
00031095
00031125
00031155
00031185
00031215
00031245
00031275
00031305
00031335
00031365
00031395
00031425
00031455
00031485
00031515
00031530
00031560
00031590
00031620
00031650
00031680
00031710
00031740
00031770
00031800
00031830
00031860
00031890
00031920
00031950
00031980
00032010
00032040
00032070
00032100
00032130
00032160
00032190
00032220
00032250
00032280
00032310
00032340
00032370
00032400
00032430
00032460
00032490
00032520
00032550
00032580
00032610
00032640
00032670
00032700
00032730
00032760
00032790
00032820
00032850
00032880
00032910
00032940
00032970
00033000
00033030
00033060
00033090
00033120
00033150
00033180
00033210
00033240
00033270
00033300
00033330
00033360
00033390
00033420
00033450
00033480
00033510
00033540
00033570
00033600
00033630
00033660
00033690
00033720
00033750
00033780
00033810
00033840
00033870
00033900
00033930
00033960
00033990
00034020
00034050
00034080
00034110
00034140
00034170
00034200
00034230
00034260
00034290
00034320
00034350
00034380
00034410
00034440
00034470
00034500
00034530
00034560
00034590
00034620
00034650
00034680
00034710
00034740
00034770
00034800
00034830
00034860
00034890
00034920
00034950
00034980
00035010
00035040
00035070
00035100
00035130
00035160
00035190
00035220
00035250
00035280
00035310
00035340
00035370
00035400
00035430
00035460
00035490
00035520
00035550
00035580
00035610
00035640
00035670
00035700
00035730
00035760
00035790
00035820
00035850
00035880
00035910
00035940
00035970
00036000
00036030
00036060
00036090
00036120
00036150
00036180
00036210
00036240
00036270
00036300
00036330
00036360
00036390
00036420
00036450
00036480
00036510
00036540
00036570
00036600
00036630
00036660
00036690
00036720
00036750
00036780
00036810
00036840
00036870
00036900
00036930
00036960
00036990
00037020
00037050
00037080
00037110
00037140
00037170
00037200
00037230
00037260
00037290
00037320
00037350
00037380
00037410
00037440
00037470
00037500
00037530
00037560
00037590
00037620
00037650
00037680
00037710
00037740
00037770
00037800
00037830
00037860
00037890
00037920
00037950
00037980
00038010
00038040
00038070
00038100
00038130
00038160
00038190
00038220
00038250
00038280
00038310
00038340
00038370
00038400
00038430
00038460
00038490
00038520
00038550
00038580
00038610
00038640
00038670
00038700
00038730
00038760
00038790
00038820
00038850
00038880
00038910
00038940
00038970
00039000
00039030
00039060
00039090
00039120
00039150
00039180
00039210
00039240
00039270
00039300
00039330
00039360
00039390
00039420
00039450
00039480
00039510
00039540
00039570
00039600
00039630
00039660
00039690
00039720
00039750
00039780
00039810
00039840
00039870
00039900
00039930
00039960
00039990
00040020
00040050
00040080
00040110
00040140
00040170
00040200
00040230
00040260
00040290
00040320
00040350
00040380
00040410
00040440
00040470
00040500
00040530
00040560
00040590
00040620
00040650
00040680
00040710
00040740
00040770
00040800
00040830
00040860
00040890
00040920
00040950
00040980
00041010
00041040
00041070
00041100
00041130
00041160
00041190
00041220
00041250
00041280
00041310
00041340
00041370
00041400
00041430
00041460
00041490
00041520
00041550
00041580
00041610
00041640
00041670
00041700
00041730
00041760
00041790
00041820
00041850
00041880
00041910
00041940
00041970
00042000
00042030
00042060
00042090
00042120
00042150
00042180
00042210
00042240
00042270
00042300
00042330
00042360
00042390
00042420
00042450
00042480
00042510
00042540
00042570
00042600
00042630
00042660
00042690
00042720
00042750
00042780
00042810
00042840
00042870
00042900
00042930
00042960
00042990
00043020
00043050
00043080
00043110
00043140
00043170
00043200
00043230
00043260
00043290
00043320
00043350
00043380
00043410
00043440
00043470
00043500
00043530
00043560
00043590
00043620
00043650
00043680
00043710
00043740
00043770
00043800
00043830
00043860
00043890
00043920
00043950
00043980
00044010
00044040
00044070
00044100
00044130
00044160
00044190
00044220
00044250
00044280
00044310
00044340
00044370
00044400
00044430
00044460
00044490
00044520
00044550
00044580
00044610
00044640
00044670
00044700
00044730
00044760
00044790
00044820
00044850
00044880
00044910
00044940
00044970
00045000
00045030
00045060
00045090
00045120
00045150
00045180
00045210
00045240
00045270
00045300
00045330
00045360
00045390
00045420
00045450
00045480
00045510
00045540
00045570
00045600
00045630
00045660
00045690
00045720
00045750
00045780
00045810
00045840
00045870
00045900
00045930
00045960
00045990
00046020
00046050
00046080
00046110
00046140
00046170
00046200
00046230
00046260
00046290
00046320
00046350
00046380
00046410
00046440
00046470
