00000000
00000030
00000060
00000090
00000120
00000150
00000180
00000210
00000240
00000270
00000300
00000330
00000360
00000390
00000420
00000450
00000480
00000510
00000540
00000570
00000600
00000630
00000660
00000690
00000720
00000750
00000780
00000810
00000840
00000870
00000900
00000930
00000960
00000990
00001020
00001050
00001080
00001110
00001140
00001170
00001200
00001230
00001260
00001290
00001320
00001350
00001380
00001410
00001440
00001470
00001500
00001530
00001560
00001590
00001620
00001650
00001680
00001710
00001740
00001770
00001800
00001830
00001860
00001890
00001920
00001950
00001980
00002010
00002040
00002070
00002100
00002130
00002160
00002190
00002220
00002250
00002280
00002310
00002340
00002370
00002400
00002430
00002460
00002490
00002520
00002550
00002580
00002610
00002640
00002670
00002700
00002730
00002760
00002790
00002820
00002850
00002880
00002910
00002940
00002970
00003000
00003030
00003060
00003090
00003120
00003150
00003180
00003210
00003240
00003270
00003300
00003330
00003360
00003390
00003420
00003450
00003480
00003510
00003540
00003570
00003600
00003630
00003660
00003690
00003720
00003732
00003762
00003792
00003822
00003852
00003882
00003912
00003942
00003972
00004002
00004032
00004062
00004092
00004122
00004152
00004182
00004212
00004242
00004272
00004302
00004332
00004362
00004392
00004422
00004452
00004482
00004512
00004542
00004572
00004602
00004632
00004662
00004692
00004722
00004752
00004782
00004812
00004842
00004872
00004902
00004932
00004962
00004992
00005022
00005052
00005082
00005112
00005142
00005172
00005202
00005232
00005262
00005292
00005322
00005352
00005382
00005412
00005442
00005472
00005502
00005532
00005562
00005592
00005622
00005652
00005682
00005712
00005742
00005772
00005802
00005832
00005862
00005892
00005922
00005952
00005982
00006012
00006042
00006072
00006102
00006132
00006162
00006192
00006222
00006252
00006282
00006312
00006342
00006372
00006402
00006432
00006462
00006492
00006522
00006552
00006582
00006612
00006642
00006672
00006702
00006732
00006762
00006792
00006822
00006852
00006882
00006912
00006942
00006972
00007002
00007032
00007062
00007092
00007122
00007152
00007182
00007212
00007242
00007272
00007302
00007332
00007362
00007392
00007422
00007452
00007482
00007512
00007542
00007572
00007602
00007632
00007662
00007692
00007722
00007752
00007782
00007812
00007842
00007872
00007902
00007932
00007962
00007992
00008022
00008052
00008082
00008112
00008142
00008172
00008202
00008232
00008262
00008292
00008322
00008352
00008382
00008412
00008442
00008472
00008502
00008532
00008562
00008592
00008622
00008652
00008682
00008712
00008742
00008772
00008802
00008832
00008862
00008892
00008922
00008952
00008982
00009012
00009042
00009072
00009102
00009132
00009162
00009192
00009222
00009252
00009282
00009312
00009342
00009372
00009402
00009432
00009462
00009492
00009522
00009552
00009582
00009612
00009642
00009672
00009702
00009732
00009762
00009792
00009822
00009852
00009882
00009912
00009942
00009972
00010002
00010032
00010062
00010092
00010122
00010152
00010182
00010212
00010242
00010272
00010302
00010332
00010362
00010392
00010422
00010452
00010482
00010512
00010542
00010572
00010602
00010632
00010662
00010692
00010722
00010752
00010782
00010812
00010842
00010872
00010902
00010932
00010962
00010992
00011022
00011052
00011082
00011112
00011142
00011172
00011202
00011232
00011262
00011292
00011322
00011352
00011382
00011412
00011442
00011472
00011502
00011532
00011562
00011592
00011622
00011652
00011682
00011712
00011742
00011772
00011802
00011832
00011862
00011892
00011922
00011952
00011982
00012012
00012042
00012072
00012102
00012132
00012162
00012192
00012222
00012252
00012282
00012312
00012342
00012372
00012402
00012432
00012462
00012492
00012522
00012552
00012582
00012612
00012642
00012672
00012702
00012732
00012762
00012792
00012822
00012852
00012882
00012912
00012942
00012972
00013002
00013032
00013062
00013092
00013122
00013152
00013182
00013212
00013242
00013272
00013302
00013332
00013362
00013392
00013422
00013452
00013482
00013512
00013542
00013572
00013602
00013632
00013662
00013692
00013722
00013752
00013782
00013812
00013842
00013872
00013902
00013932
00013962
00013992
00014022
00014052
00014082
00014112
00014142
00014172
00014202
00014232
00014262
00014292
00014322
00014352
00014382
00014412
00014442
00014472
00014502
00014532
00014562
00014592
00014622
00014652
00014682
00014712
00014742
00014772
00014802
00014832
00014862
00014892
00014922
00014952
00014982
00015012
00015042
00015072
00015102
00015132
00015162
00015192
00015222
00015252
00015282
00015312
00015342
00015372
00015402
00015432
00015462
00015492
00015522
00015552
00015582
00015612
00015642
00015672
00015702
00015732
00015762
00015792
00015822
00015852
00015882
00015912
00015942
00015972
00016002
00016032
00016062
00016092
00016122
00016152
00016182
00016212
00016242
00016272
00016302
00016332
00016362
00016392
00016422
00016452
00016482
00016512
00016542
00016572
00016602
00016632
00016662
00016692
00016722
00016752
00016782
00016812
00016842
00016872
00016902
00016932
00016962
00016992
00017022
00017052
00017082
00017112
00017142
00017172
00017202
00017232
00017262
00017292
00017322
00017352
00017382
00017412
00017442
00017472
00017502
00017532
00017562
00017592
00017622
00017652
00017682
00017712
00017742
00017772
00017802
00017832
00017862
00017892
00017922
00017952
00017982
00018012
00018042
00018072
00018102
00018132
00018162
00018192
00018222
00018252
00018282
00018312
00018342
00018372
00018402
00018432
00018462
00018492
00018522
00018552
00018582
00018612
00018642
00018672
00018702
00018732
00018762
00018792
00018822
00018852
00018882
00018912
00018942
00018972
00019002
00019032
00019062
00019092
00019122
00019152
00019182
00019212
00019242
00019272
00019302
00019332
00019362
00019392
00019422
00019452
00019482
00019512
00019542
00019572
00019602
00019632
00019662
00019692
00019722
00019752
00019782
00019812
00019842
00019872
00019902
00019932
00019962
00019992
00020022
00020052
00020082
00020112
00020142
00020148
00020178
00020208
00020238
00020268
00020298
00020328
00020358
00020388
00020418
00020448
00020478
00020508
00020538
00020568
00020598
00020628
00020658
00020688
00020718
00020748
00020778
00020808
00020838
00020868
00020898
00020928
00020958
00020988
00021018
00021048
00021078
00021108
00021138
00021168
00021198
00021228
00021258
00021288
00021318
00021348
00021378
00021408
00021438
00021468
00021498
00021528
00021558
00021588
00021618
00021648
00021678
00021708
00021738
00021768
00021798
00021828
00021858
00021888
00021918
00021948
00021978
00022008
00022038
00022068
00022098
00022128
00022158
00022188
00022218
00022248
00022278
00022308
00022338
00022368
00022398
00022428
00022458
00022488
00022518
00022548
00022578
00022608
00022638
00022668
00022698
00022728
00022758
00022788
00022818
00022848
00022878
00022908
00022938
00022968
00022998
00023028
00023058
00023088
00023118
00023148
00023178
00023208
00023238
00023268
00023298
00023328
00023358
00023388
00023418
00023448
00023478
00023508
00023538
00023568
00023598
00023628
00023658
00023688
00023718
00023748
00023778
00023808
00023838
00023868
00023898
00023928
00023958
00023988
00024018
00024048
00024078
00024108
00024138
00024168
00024198
00024228
00024258
00024288
00024318
00024348
00024378
00024408
00024438
00024468
00024498
00024528
00024558
00024588
00024618
00024648
00024678
00024708
00024738
00024768
00024798
00024828
00024858
00024888
00024918
00024948
00024978
00025008
00025038
00025068
00025098
00025128
00025158
00025188
00025218
00025248
00025278
00025308
00025338
00025368
00025398
00025428
00025458
00025488
00025518
00025548
00025578
00025608
00025638
00025668
00025698
00025728
00025758
00025788
00025818
00025848
00025878
00025908
00025938
00025968
00025998
00026022
00026052
00026082
00026112
00026142
00026172
00026202
00026232
00026262
00026292
00026322
00026352
00026382
00026412
00026442
00026472
00026502
00026532
00026562
00026592
00026622
00026652
00026682
00026712
00026742
00026772
00026802
00026832
00026862
00026892
00026922
00026952
00026982
00027012
00027042
00027072
00027102
00027132
00027162
00027192
00027222
00027252
00027282
00027312
00027342
00027372
00027402
00027432
00027462
00027492
00027522
00027552
00027582
00027612
00027642
00027672
00027702
00027732
00027762
00027792
00027822
00027852
00027882
00027912
00027942
00027972
00028002
00028032
00028062
00028092
00028122
00028152
00028182
00028212
00028242
00028272
00028302
00028332
00028362
00028392
00028422
00028452
00028482
00028512
00028542
00028572
00028602
00028632
00028662
