00000000
00000030
00000060
00000090
00000120
00000150
00000180
00000210
00000240
00000270
00000300
00000330
00000360
00000390
00000420
00000444
00000474
00000504
00000534
00000564
00000594
00000624
00000654
00000684
00000714
00000744
00000774
00000804
00000834
00000864
00000894
00000924
00000954
00000984
00001014
00001044
00001074
00001104
00001134
00001164
00001194
00001224
00001254
00001284
00001314
00001344
00001374
00001404
00001434
00001464
00001494
00001524
00001554
00001584
00001614
00001644
00001674
00001704
00001734
00001764
00001794
00001824
00001854
00001884
00001914
00001944
00001974
00002004
00002034
00002064
00002094
00002124
00002154
00002184
00002214
00002244
00002274
00002304
00002334
00002364
00002394
00002424
00002454
00002484
00002514
00002544
00002574
00002604
00002634
00002664
00002694
00002724
00002754
00002784
00002814
00002844
00002874
00002904
00002934
00002964
00002994
00003024
00003054
00003084
00003114
00003144
00003174
00003204
00003234
00003264
00003294
00003324
00003354
00003384
00003414
00003444
00003474
00003504
00003534
00003564
00003594
00003624
00003654
00003684
00003714
00003744
00003774
00003804
00003834
00003864
00003894
00003924
00003954
00003984
00004014
00004044
00004074
00004104
00004134
00004164
00004194
00004224
00004254
00004284
00004314
00004344
00004374
00004404
00004434
00004464
00004494
00004524
00004554
00004584
00004614
00004644
00004674
00004704
00004734
00004764
00004794
00004824
00004854
00004884
00004914
00004944
00004974
00005004
00005034
00005064
00005094
00005124
00005154
00005184
00005214
00005244
00005274
00005304
00005334
00005364
00005394
00005424
00005454
00005484
00005514
00005544
00005574
00005604
00005634
00005664
00005694
00005724
00005754
00005784
00005814
00005844
00005874
00005904
00005934
00005964
00005994
00006024
00006054
00006084
00006114
00006144
00006174
00006204
00006234
00006264
00006294
00006324
00006354
00006384
00006414
00006444
00006474
00006504
00006534
00006564
00006594
00006624
00006654
00006684
00006714
00006744
00006774
00006804
00006834
00006864
00006894
00006924
00006954
00006984
00007014
00007044
00007074
00007104
00007134
00007164
00007194
00007224
00007254
00007284
00007314
00007344
00007374
00007404
00007434
00007464
00007494
00007524
00007554
00007584
00007614
00007644
00007674
00007704
00007734
00007764
00007794
00007824
00007854
00007884
00007914
00007944
00007974
00008004
00008034
00008064
00008094
00008124
00008154
00008184
00008214
00008244
00008274
00008304
00008334
00008364
00008394
00008424
00008454
00008484
00008514
00008544
00008574
00008604
00008634
00008664
00008694
00008724
00008754
00008784
00008814
00008844
00008874
00008904
00008934
00008964
00008994
00009024
00009054
00009084
00009114
00009144
00009174
00009204
00009234
00009264
00009294
00009324
00009354
00009384
00009414
00009444
00009474
00009504
00009534
00009564
00009594
00009624
00009654
00009684
00009714
00009744
00009774
00009804
00009834
00009864
00009894
00009924
00009954
00009984
00010014
00010044
00010074
00010104
00010134
00010164
00010194
00010224
00010254
00010284
00010314
00010344
00010374
00010404
00010434
00010464
00010494
00010524
00010554
00010584
00010614
00010644
00010674
00010704
00010734
00010764
00010794
00010824
00010854
00010884
00010914
00010944
00010974
00011004
00011034
00011064
00011094
00011124
00011154
00011184
00011214
00011244
00011274
00011304
00011334
00011364
00011394
00011424
00011454
00011484
00011514
00011544
00011574
00011604
00011634
00011664
00011694
00011724
00011754
00011784
00011814
00011844
00011874
00011904
00011934
00011964
00011994
00012024
00012054
00012084
00012114
00012144
00012174
00012204
00012234
00012264
00012294
00012324
00012354
00012384
00012414
00012444
00012474
00012504
00012534
00012564
00012594
00012624
00012654
00012684
00012714
00012744
00012774
00012804
00012834
00012864
00012894
00012924
00012954
00012984
00013014
00013044
00013074
00013104
00013134
00013164
00013194
00013224
00013254
00013284
00013314
00013344
00013374
00013404
00013434
00013464
00013494
00013524
00013554
00013584
00013614
00013644
00013674
00013704
00013734
00013764
00013794
00013824
00013854
00013884
00013914
00013944
00013974
00014004
00014034
00014064
00014094
00014124
00014154
00014184
00014214
00014244
00014274
00014304
00014334
00014364
00014394
00014424
00014454
00014484
00014514
00014544
00014574
00014604
00014634
00014664
00014694
00014724
00014754
00014784
00014814
00014844
00014874
00014904
00014934
00014964
00014994
00015024
00015054
00015084
00015114
00015144
00015174
00015204
00015234
00015264
00015294
00015324
00015354
00015384
00015414
00015444
00015474
00015504
00015534
00015564
00015594
00015624
00015654
00015684
00015714
00015744
00015774
00015804
00015834
00015864
00015894
00015924
00015954
00015984
00016014
00016044
00016074
00016104
00016134
00016164
00016194
00016224
00016254
00016284
00016314
00016344
00016374
00016404
00016434
00016464
00016494
00016524
00016554
00016584
00016614
00016644
00016674
00016704
00016734
00016764
00016794
00016824
00016854
00016884
00016914
00016944
00016974
00017004
00017034
00017064
00017094
00017124
00017154
00017184
00017214
00017244
00017274
00017304
00017334
00017364
00017394
00017424
00017454
00017484
00017514
00017544
00017574
00017604
00017634
00017664
00017694
00017724
00017754
00017784
00017814
00017844
00017874
00017904
00017934
00017964
00017994
00018024
00018054
00018084
00018114
00018144
00018174
00018204
00018234
00018264
00018294
00018324
00018354
00018384
00018414
00018444
00018474
00018504
00018534
00018564
00018594
00018624
00018654
00018684
00018714
00018744
00018774
00018804
00018834
00018864
00018894
00018924
00018954
00018984
00019014
00019044
00019074
00019104
00019134
00019164
00019194
00019224
00019254
00019284
00019314
00019344
00019374
00019404
00019434
00019464
00019494
00019524
00019554
00019584
00019614
00019644
00019674
00019704
00019734
00019764
00019794
00019824
00019854
00019884
00019914
00019944
00019974
00020004
00020034
00020064
00020094
00020124
00020154
00020184
00020214
00020244
00020274
00020304
00020334
00020364
00020394
00020424
00020454
00020484
00020514
00020544
00020574
00020604
00020634
00020664
00020694
00020724
00020754
00020784
00020814
00020844
00020874
00020904
00020934
00020964
00020994
00021024
00021054
00021084
00021114
00021144
00021174
00021204
00021234
00021264
00021294
00021324
00021354
00021384
00021414
00021444
00021474
00021504
00021534
00021564
00021594
00021624
00021654
00021684
00021714
00021744
00021774
00021804
00021834
00021864
00021894
00021924
00021954
00021984
00022014
00022044
00022074
00022104
00022134
00022164
00022194
00022224
00022254
00022284
00022314
00022344
00022374
00022404
00022434
00022464
00022494
00022524
00022554
00022584
00022614
00022644
00022674
00022704
00022734
00022764
00022794
00022824
00022854
00022884
00022914
00022944
00022974
00023004
00023034
00023064
00023094
00023124
00023154
00023184
00023214
00023244
00023274
00023304
00023334
00023364
00023394
00023424
00023454
00023484
00023514
00023544
00023574
00023604
00023634
00023664
00023694
00023724
00023754
00023784
00023814
00023844
00023874
00023904
00023934
00023964
00023994
00024024
00024054
00024084
00024114
00024144
00024174
00024204
00024234
00024264
00024294
00024324
00024354
00024384
00024414
00024444
00024474
00024504
00024534
00024564
00024594
00024624
00024654
00024684
00024714
00024744
00024774
00024804
00024834
00024864
00024894
00024924
00024954
00024984
00025014
00025044
00025074
00025104
00025134
00025164
00025194
00025224
00025254
00025284
00025314
00025344
00025374
00025404
00025434
00025464
00025494
00025524
00025554
00025584
00025614
00025644
00025674
00025704
00025734
00025764
00025794
00025824
00025854
00025884
00025914
00025944
00025974
00026004
00026034
00026064
00026094
00026124
00026154
00026184
00026214
00026244
00026274
00026304
00026334
00026364
00026394
00026424
00026454
00026484
00026514
00026544
00026574
00026604
00026634
00026664
00026694
00026724
00026754
00026784
00026814
00026844
00026874
00026904
00026934
00026964
00026994
00027024
00027054
00027084
00027114
00027144
00027174
00027204
00027234
00027264
00027294
00027324
00027354
00027384
00027414
00027444
00027474
00027504
00027534
00027564
00027594
00027624
00027654
00027684
00027714
00027744
00027774
00027804
00027834
00027864
00027894
00027924
00027954
00027984
00028014
00028044
00028074
00028104
00028134
00028164
00028194
00028224
00028254
00028284
00028314
00028344
00028374
00028404
00028434
00028464
00028494
00028524
00028554
00028584
00028614
00028644
00028674
00028704
00028734
00028764
00028794
00028824
00028854
00028884
00028914
00028944
00028974
00029004
00029034
00029064
00029094
00029124
00029154
00029184
00029214
00029244
00029274
00029304
00029334
00029364
00029394
00029424
00029454
00029484
00029514
00029544
00029574
00029604
00029634
00029664
00029694
00029724
00029754
00029784
00029814
00029844
00029874
00029904
00029934
00029964
00029994
00030024
00030054
00030084
00030114
00030144
00030174
00030204
00030234
00030264
00030294
00030324
00030354
00030384
00030414
00030444
00030474
00030504
00030534
00030564
00030594
00030624
00030654
00030684
00030714
00030744
00030774
00030804
00030834
00030864
00030894
00030924
00030954
00030984
00031014
00031044
00031074
00031104
00031134
00031164
00031194
00031224
00031254
00031284
00031314
00031344
00031374
00031404
00031434
00031464
00031494
00031524
00031554
00031584
00031614
00031644
00031674
00031704
00031734
00031764
00031794
00031824
00031854
00031884
00031914
00031944
00031974
00032004
00032034
00032064
00032094
00032124
00032154
00032184
00032214
00032244
00032274
00032304
00032334
00032364
00032394
00032424
00032454
00032484
00032514
00032544
00032574
00032604
00032634
00032664
00032694
00032724
00032754
00032784
00032814
00032844
00032874
00032904
00032934
00032964
00032994
00033024
00033054
00033084
00033114
00033144
00033174
00033204
00033234
00033264
00033294
00033324
00033354
00033384
00033414
00033444
00033474
00033504
00033534
00033564
00033594
00033624
00033654
00033684
00033714
00033744
00033774
00033804
00033834
00033864
00033894
00033924
00033954
00033984
00034014
00034044
00034074
00034104
00034134
00034164
00034194
00034224
00034254
00034284
00034314
00034344
00034374
00034404
00034434
00034464
00034494
00034524
00034554
00034584
00034614
00034644
00034674
00034704
00034734
00034764
00034794
00034824
00034854
00034884
00034914
00034944
00034974
00035004
00035034
00035064
00035094
00035124
00035154
00035184
00035214
00035244
00035274
00035304
00035334
00035364
00035394
00035424
00035454
00035484
00035514
00035544
00035574
00035604
00035634
00035664
00035694
00035724
00035754
00035784
00035814
00035844
00035874
00035904
00035934
00035964
00035994
00036024
00036054
00036084
00036114
00036144
00036174
00036204
00036234
00036264
00036294
00036324
00036354
00036384
00036414
00036444
00036474
00036504
00036534
00036564
00036594
00036624
00036654
00036684
00036714
00036744
00036774
00036804
00036834
00036846
00036876
00036906
00036936
00036966
00036996
00037026
00037056
00037086
00037116
00037146
00037176
00037206
00037236
00037266
00037296
00037326
00037356
00037386
00037416
00037446
00037476
00037506
00037536
00037566
00037596
00037626
00037656
00037686
00037716
00037746
00037776
00037806
00037836
00037866
00037896
00037926
00037956
00037986
00038016
00038046
00038076
00038106
00038136
00038166
00038196
00038226
00038256
00038286
00038316
00038346
00038376
00038406
00038436
00038466
00038496
00038526
00038556
00038586
00038616
00038646
00038676
00038706
00038736
00038766
00038796
00038826
00038856
00038886
00038916
00038946
00038976
00039006
00039036
00039066
00039096
00039126
00039156
00039186
00039216
00039246
00039276
00039306
00039336
00039366
00039396
00039426
00039456
00039486
00039516
00039546
00039576
00039606
00039636
00039666
00039696
00039726
00039756
00039786
00039816
00039846
00039876
00039906
00039936
00039966
00039996
00040026
00040056
00040086
00040116
00040146
00040176
00040206
00040236
00040266
00040296
00040326
00040356
00040386
00040416
00040446
00040476
00040506
00040536
00040566
00040596
00040626
00040656
00040686
00040716
00040746
00040776
00040806
00040836
00040866
00040896
00040926
00040956
00040986
00041016
00041046
00041076
00041106
00041136
00041166
00041196
00041226
00041256
00041286
00041316
00041346
00041376
00041406
00041436
00041466
00041496
00041526
00041556
00041586
00041616
00041646
00041676
00041706
00041736
00041766
00041796
00041826
00041856
00041886
00041916
00041946
00041976
00042006
00042036
00042066
00042096
00042126
00042156
00042186
00042216
00042246
00042276
00042306
00042336
00042366
00042396
00042426
00042456
00042486
00042516
00042546
00042576
00042606
00042636
00042666
00042696
00042726
00042756
00042786
00042816
00042846
00042876
00042906
00042936
00042966
00042996
00043026
00043056
00043086
00043116
00043146
00043176
00043206
00043236
00043266
00043296
00043326
00043356
00043386
00043416
00043446
00043476
00043506
00043536
00043566
00043596
00043626
00043656
00043686
00043716
00043746
00043776
00043806
00043836
00043866
00043896
00043926
00043956
00043986
00044016
00044046
00044076
00044106
00044136
00044166
00044196
00044226
00044256
00044286
00044316
00044346
00044376
00044406
00044436
00044466
00044496
00044526
00044556
00044586
00044616
00044646
00044676
00044706
00044736
00044766
00044796
00044826
00044856
00044886
00044916
00044946
00044976
00045006
00045036
00045066
00045096
00045126
00045156
00045186
00045216
00045246
00045276
00045306
00045336
00045366
00045396
00045426
00045456
00045486
00045516
00045546
00045576
00045606
00045636
00045666
00045696
00045726
00045756
00045786
00045816
00045846
00045876
00045906
00045936
00045966
00045996
00046026
00046056
00046086
00046116
00046146
00046176
00046206
00046236
00046266
00046296
00046326
00046356
00046386
00046416
00046446
00046476
00046506
00046536
00046566
00046596
00046626
00046656
00046686
00046716
00046746
00046776
00046806
00046836
00046866
00046896
00046926
00046956
00046986
00047016
00047046
00047076
00047106
00047136
00047166
00047196
00047226
00047256
00047286
00047316
00047346
00047376
00047406
00047436
00047466
00047496
00047526
00047556
00047586
00047616
00047646
00047676
00047706
00047736
00047766
00047796
00047826
00047856
00047886
00047916
00047946
00047976
00048006
00048036
00048066
00048096
00048126
00048156
00048186
00048216
00048246
00048276
00048306
00048336
00048366
00048396
00048426
00048456
00048486
00048516
00048546
00048576
00048606
00048636
00048666
00048696
00048726
00048756
00048786
00048816
00048846
00048876
00048906
00048936
00048966
00048996
00049026
00049056
00049086
00049116
00049146
00049176
00049206
00049236
00049266
00049296
00049326
00049356
00049386
00049416
00049446
00049476
00049506
00049536
00049566
00049596
00049626
00049656
00049686
00049716
00049746
00049776
00049806
00049836
00049866
00049896
00049926
00049956
00049986
00050016
00050046
00050076
00050106
00050136
00050166
00050196
00050226
00050256
00050286
00050316
00050346
00050376
00050406
00050436
00050466
00050496
00050526
00050556
00050586
00050616
00050646
00050676
00050706
00050736
00050766
00050796
00050826
00050856
00050886
00050916
00050946
00050976
00051006
00051036
00051066
00051096
00051126
00051156
00051186
00051216
00051246
00051276
00051306
00051336
00051366
00051396
00051426
00051456
00051486
00051516
00051546
00051576
00051606
00051636
00051666
00051696
00051726
00051756
00051786
00051816
00051846
00051876
00051906
00051936
00051966
00051996
00052026
00052056
00052086
00052116
00052146
00052176
00052206
00052236
00052266
00052296
00052326
00052356
00052386
00052416
00052446
00052476
00052506
00052536
00052566
00052596
00052626
00052656
00052686
00052716
00052746
00052776
00052806
00052836
00052866
00052896
00052926
00052956
00052986
00053016
00053046
00053076
00053106
00053136
00053166
00053196
00053226
00053256
00053286
00053316
00053346
00053376
00053406
00053436
00053466
00053496
00053526
00053556
00053586
00053616
00053646
00053676
00053706
00053736
00053766
00053796
00053826
00053856
00053886
00053916
00053946
00053976
00054006
00054036
00054066
00054096
00054126
00054156
00054186
00054216
00054246
00054276
00054306
00054336
00054366
00054396
00054426
00054456
00054486
00054516
00054546
00054576
00054606
00054636
00054666
00054696
00054726
00054756
00054786
00054816
00054846
00054876
00054906
00054936
00054966
00054996
00055026
00055056
00055086
00055116
00055146
00055176
00055206
00055236
00055266
00055296
00055326
00055356
00055386
00055416
00055446
00055476
00055506
00055536
00055566
00055596
00055626
00055656
00055686
00055716
00055746
00055776
00055806
00055836
00055866
00055896
00055926
00055956
00055986
00056016
00056046
00056076
00056106
00056136
00056166
00056196
00056226
00056256
00056286
00056316
00056346
00056376
00056406
00056436
00056466
00056496
00056526
00056556
00056586
00056616
00056646
00056676
00056706
00056736
00056766
00056796
00056826
00056856
00056886
00056916
00056946
00056976
00057006
00057036
00057066
00057096
00057126
00057156
00057186
00057216
00057246
00057276
00057306
00057336
00057366
00057396
00057426
00057456
00057486
00057516
00057546
00057576
00057606
00057636
00057666
00057696
00057726
00057756
00057786
00057816
00057846
00057876
00057906
00057936
00057966
00057996
00058026
00058056
00058086
00058116
00058146
00058176
00058206
00058236
00058266
00058296
00058326
00058356
00058386
00058416
00058446
00058476
00058506
00058536
00058566
00058596
00058626
00058656
00058686
00058716
00058746
00058776
00058806
00058836
00058866
00058896
00058926
00058956
00058986
00059016
00059046
00059076
00059106
00059136
00059166
00059196
00059226
00059256
00059286
00059316
00059346
00059376
00059406
00059436
00059466
00059496
00059526
00059556
00059586
00059616
00059646
00059676
00059706
00059736
00059766
00059796
00059826
00059856
00059886
00059916
00059946
00059976
00060006
00060036
00060066
00060096
00060126
00060156
00060186
00060216
00060246
00060276
00060306
00060336
00060366
00060396
00060426
00060456
00060486
00060516
00060546
00060576
00060606
00060636
00060666
00060696
00060726
00060756
00060786
00060816
00060846
00060876
00060906
00060936
00060966
00060996
00061026
00061056
00061086
00061116
00061146
00061176
00061206
00061236
00061266
00061296
00061326
00061356
00061386
00061416
00061446
00061476
00061506
00061536
00061566
00061596
00061626
00061656
00061686
00061716
00061746
00061776
00061806
00061836
00061866
00061896
00061926
00061956
00061986
00062016
00062046
00062076
00062106
00062136
00062166
00062196
00062226
00062256
00062286
00062316
00062346
00062376
00062406
00062436
00062466
00062496
00062526
00062556
00062586
00062616
00062646
00062676
00062706
00062736
00062766
00062796
00062826
00062856
00062886
00062916
00062946
00062976
00063006
00063036
00063066
00063096
00063126
00063156
00063186
00063216
00063246
00063276
00063306
00063336
00063366
00063396
00063426
00063456
00063486
00063516
00063546
00063576
00063606
00063636
00063666
00063696
00063726
00063756
00063786
00063816
00063846
00063876
00063906
00063936
00063966
00063996
00064026
00064056
00064086
00064116
00064146
00064176
00064206
00064236
00064266
00064296
00064326
00064356
00064386
00064416
00064446
00064476
00064506
00064536
00064566
00064596
00064626
00064656
00064686
00064716
00064746
00064776
00064806
00064836
00064866
00064896
00064926
00064956
00064986
00065016
00065046
00065076
00065106
00065136
00065166
00065196
00065226
00065256
00065286
00065316
00065346
00065376
00065406
00065436
00065466
00065496
00065526
00065556
00065586
00065616
00065646
00065676
00065706
00065736
00065766
00065796
00065826
00065856
00065886
00065916
00065946
00065976
00066006
00066036
00066066
00066096
00066126
00066156
00066186
00066216
00066246
00066276
00066306
00066336
00066366
00066396
00066426
00066456
00066486
00066516
00066546
00066576
00066606
00066636
00066666
00066696
00066726
00066756
00066786
00066816
00066846
00066876
00066906
00066936
00066966
00066996
00067026
00067056
00067086
00067116
00067146
00067176
00067206
00067236
00067266
00067296
00067326
00067356
00067386
00067416
00067446
00067476
00067506
00067536
00067566
00067596
00067626
00067656
00067686
00067716
00067746
00067776
00067806
00067836
00067866
00067896
00067926
00067956
00067986
00068016
00068046
00068076
00068106
00068136
00068166
00068196
00068226
00068256
00068286
00068316
00068346
00068376
00068406
00068436
00068466
00068496
00068526
00068556
00068586
00068616
00068646
00068676
00068706
00068736
00068766
00068796
00068826
00068856
00068886
00068916
00068946
00068976
00069006
00069036
00069066
00069096
00069126
00069156
00069186
00069216
00069246
00069276
00069306
00069336
00069366
00069396
00069426
00069456
00069486
00069516
00069546
00069576
00069606
00069636
00069666
00069696
00069726
00069756
00069786
00069816
00069846
00069876
00069906
00069936
00069966
00069996
00070026
00070056
00070086
00070116
00070146
00070176
00070206
00070236
00070266
00070296
00070326
00070356
00070386
00070416
00070446
00070476
00070506
00070536
00070566
00070596
00070626
00070656
00070686
00070716
00070746
00070776
00070806
00070836
00070866
00070896
00070926
00070956
00070986
00071016
00071046
00071076
00071106
00071136
00071166
00071196
00071226
00071256
00071286
00071316
00071346
00071376
00071406
00071436
00071466
00071496
00071526
00071556
00071586
00071616
00071646
00071676
00071706
00071736
00071766
00071796
00071826
00071856
00071886
00071916
00071946
00071976
00072006
00072036
00072066
00072096
00072126
00072156
00072186
00072216
00072246
00072276
00072306
00072336
00072366
00072396
00072426
00072456
00072486
00072516
00072546
00072576
00072606
00072636
00072666
00072696
00072726
00072756
00072786
00072816
00072846
00072876
00072906
00072936
00072966
00072996
00073026
00073056
00073086
00073116
00073146
00073176
00073206
00073236
00073266
00073296
00073326
00073356
00073386
00073416
00073446
00073476
00073506
00073536
00073566
00073596
00073626
00073656
00073686
00073716
00073746
00073776
00073806
00073836
00073866
00073896
00073926
00073956
00073986
00074016
00074046
00074076
00074106
00074136
00074166
00074196
00074226
00074256
00074286
00074316
00074346
00074376
00074406
00074436
00074466
00074496
00074526
00074556
00074586
00074616
00074646
00074676
00074706
00074736
00074766
00074796
00074826
00074856
00074886
00074916
00074946
00074976
00075006
00075036
00075066
00075096
00075126
00075156
00075186
00075216
00075246
00075276
00075306
00075336
00075366
00075396
00075426
00075456
00075486
00075516
00075546
00075576
00075606
00075636
00075666
00075696
00075726
00075756
00075786
00075816
00075846
00075876
00075906
00075936
00075966
00075996
00076026
00076056
00076086
00076116
00076146
00076176
00076206
00076236
00076266
00076296
00076326
00076356
00076386
00076416
00076446
00076476
00076506
00076536
00076566
00076596
00076626
00076656
00076686
00076716
00076746
00076776
00076806
00076836
00076866
00076896
00076926
00076956
00076986
00077016
00077046
00077076
00077106
00077136
00077166
00077196
00077226
00077256
00077286
00077316
00077346
00077376
00077406
00077436
00077466
00077496
00077526
00077556
00077586
00077616
00077646
00077676
00077706
00077736
00077766
00077796
00077826
00077856
00077886
00077916
00077946
00077976
00078006
00078036
00078066
00078096
00078126
00078156
00078186
00078216
00078246
00078276
00078306
00078336
00078366
00078396
00078426
00078456
00078486
00078516
00078546
00078576
00078606
00078636
00078666
00078696
00078726
00078756
00078786
00078816
00078846
00078876
00078906
00078936
00078966
00078996
00079026
00079056
00079086
00079116
00079146
00079176
00079206
00079236
00079266
00079296
00079326
00079356
00079386
00079416
00079446
00079476
00079506
00079536
00079566
00079596
00079626
00079656
00079686
00079716
00079746
00079776
00079806
00079836
00079866
00079896
00079926
00079956
00079986
00080016
00080046
00080076
00080106
00080136
00080166
00080196
00080226
00080256
00080286
00080316
00080346
00080376
00080406
00080436
00080466
00080496
00080526
00080556
00080586
00080616
00080646
00080676
00080706
00080736
00080766
00080796
00080826
00080856
00080886
00080916
00080946
00080976
00081006
00081036
00081066
00081096
00081126
00081156
00081186
00081216
00081246
00081276
00081306
00081336
00081366
00081396
00081426
00081456
00081486
00081516
00081546
00081576
00081606
00081636
00081666
00081696
00081726
00081756
00081786
00081816
00081846
00081876
00081906
00081936
00081966
00081996
00082026
00082056
00082086
00082116
00082146
00082176
00082206
00082236
00082266
00082296
00082326
00082356
00082386
00082416
00082446
00082476
00082506
00082536
00082566
00082596
00082626
00082656
00082686
00082716
00082746
00082776
00082806
00082836
00082866
00082896
00082926
00082956
00082986
00083016
00083046
00083076
00083106
00083136
00083166
00083196
00083226
00083256
00083286
00083316
00083346
00083376
00083406
00083436
00083466
00083496
00083526
00083556
00083586
00083616
00083646
00083676
00083706
00083736
00083766
00083796
00083826
00083856
00083886
00083916
00083946
00083976
00084006
00084036
00084066
00084096
00084126
00084156
00084186
00084216
00084246
00084276
00084306
00084336
00084366
00084396
00084426
00084456
00084486
00084516
00084546
00084576
00084606
00084636
00084666
00084696
00084726
00084756
00084786
00084816
00084846
00084876
00084906
00084936
00084966
00084996
00085026
00085056
00085086
00085116
00085146
00085176
00085206
00085236
00085266
00085296
00085326
00085356
00085386
00085416
00085446
00085476
00085506
00085536
00085566
00085596
00085626
00085656
00085686
00085716
00085746
00085776
00085806
00085836
00085866
00085896
00085926
00085956
00085986
00086016
00086046
00086076
00086106
00086136
00086166
00086196
00086226
00086256
00086286
00086316
00086346
00086376
00086406
00086436
00086466
00086496
00086526
00086556
00086586
00086616
00086646
00086676
00086706
00086736
00086766
00086796
00086826
00086856
00086886
00086916
00086946
00086976
00087006
00087036
00087066
00087096
00087126
00087156
00087186
00087216
00087246
00087276
00087306
00087336
00087366
00087396
00087426
00087456
00087486
00087516
00087546
00087576
00087606
00087636
00087666
00087696
00087726
00087756
00087786
00087816
00087846
00087876
00087906
00087936
00087966
00087996
00088026
00088056
00088086
00088116
00088146
00088176
00088206
00088236
00088266
00088296
00088326
00088356
00088386
00088416
00088446
00088476
00088506
00088536
00088566
00088596
00088626
00088656
00088686
00088716
00088746
00088776
00088806
00088836
00088866
00088896
00088926
00088956
00088986
00089016
00089046
00089076
00089106
00089136
00089166
00089196
00089226
00089256
00089286
00089316
00089346
00089376
00089406
00089436
00089466
00089496
00089526
00089556
00089586
00089616
00089646
00089676
00089706
00089736
00089766
00089796
00089826
00089856
00089886
00089916
00089946
00089976
00090006
00090036
00090066
00090096
00090126
00090156
00090186
00090216
00090246
00090276
00090306
00090336
00090366
00090396
00090426
00090456
00090486
00090516
00090546
00090576
00090606
00090636
00090666
00090696
00090726
00090756
00090786
00090816
00090846
00090876
00090906
00090936
00090966
00090996
00091026
00091056
00091086
00091116
00091146
00091176
00091206
00091236
00091266
00091296
00091326
00091356
00091386
00091416
00091446
00091476
00091506
00091536
00091566
00091596
00091626
00091656
00091686
00091716
00091746
00091776
00091806
00091836
00091866
00091896
00091926
00091956
00091986
00092016
00092046
00092076
00092106
00092136
00092166
00092196
00092226
00092256
00092286
00092316
00092346
00092376
00092406
00092436
00092466
00092496
00092526
00092556
00092586
00092616
00092646
00092676
00092706
00092736
00092766
00092796
00092826
00092856
00092886
00092916
00092946
00092976
00093006
00093036
00093066
00093096
00093126
00093156
00093186
00093216
00093246
00093276
00093306
00093336
00093366
00093396
00093426
00093456
00093486
00093516
00093546
00093576
00093606
00093636
00093666
00093696
00093726
00093756
00093786
00093816
00093846
00093876
00093906
00093936
00093966
00093996
00094026
00094056
00094086
00094116
00094146
00094176
00094206
00094236
00094266
00094296
00094326
00094356
00094386
00094416
00094446
00094476
00094506
00094536
00094566
00094596
00094626
00094656
00094686
00094716
00094746
00094776
00094806
00094836
00094866
00094896
00094926
00094956
00094986
00095016
00095046
00095076
00095106
00095136
00095166
00095196
00095226
00095256
00095286
00095316
00095346
00095376
00095406
00095436
00095466
00095496
00095526
00095556
00095586
00095616
00095646
00095676
00095706
00095736
00095766
00095796
00095826
00095856
00095886
00095916
00095946
00095976
00096006
00096036
00096066
00096096
00096126
00096156
00096186
00096216
00096246
00096276
00096306
00096336
00096366
00096396
00096426
00096456
00096486
00096516
00096546
00096576
00096606
00096636
00096666
00096696
00096726
00096756
00096786
00096816
00096846
00096876
00096906
00096936
00096966
00096996
00097026
00097056
00097086
00097116
00097146
00097176
00097206
00097236
00097266
00097296
00097326
00097356
00097386
00097416
00097446
00097476
00097506
00097536
00097566
00097596
00097626
00097656
00097686
00097716
00097746
00097776
00097806
00097836
00097866
00097896
00097926
00097956
00097986
00098016
00098046
00098076
00098106
00098136
00098166
00098196
00098226
00098256
00098286
00098316
00098346
00098376
00098406
00098436
00098466
00098496
00098526
00098556
00098586
00098616
00098646
00098676
00098706
00098736
00098766
00098796
00098826
00098856
00098886
00098916
00098946
00098976
00099006
00099036
00099066
00099096
00099126
00099156
00099186
00099216
00099246
00099276
00099306
00099336
00099366
00099396
00099426
00099456
00099486
00099516
00099546
00099576
00099606
00099636
00099666
00099696
00099726
00099756
00099786
00099816
00099846
00099876
00099906
00099936
00099966
00099996
00100026
00100056
00100086
00100116
00100146
00100176
00100206
00100236
00100266
00100296
00100326
00100356
00100386
00100416
00100446
00100476
00100506
00100536
00100566
00100596
00100626
00100656
00100686
00100716
00100746
00100776
00100806
00100836
00100866
00100896
00100926
00100956
00100986
00101016
00101046
00101076
00101106
00101136
00101166
00101196
00101226
00101256
00101286
00101316
00101346
00101376
00101406
00101436
00101466
00101496
00101526
00101556
00101586
00101616
00101646
00101676
00101706
00101736
00101766
00101796
00101826
00101856
00101886
00101916
00101946
00101976
00102006
00102036
00102066
00102096
00102126
00102156
00102186
00102216
00102246
00102276
00102306
00102336
00102366
00102396
00102426
00102456
00102486
00102516
00102546
00102576
00102606
00102636
00102666
00102696
00102726
00102756
00102786
00102816
00102846
00102876
00102906
00102936
00102966
00102996
00103026
00103056
00103086
00103116
00103146
00103176
00103206
00103236
00103266
00103296
00103326
00103356
00103386
00103416
00103446
00103476
00103506
00103536
00103566
00103596
00103626
00103656
00103686
00103716
00103746
00103776
00103806
00103836
00103866
00103896
00103926
00103956
00103986
00104016
00104046
00104076
00104106
00104136
00104166
00104196
00104226
00104256
00104286
00104316
00104346
00104376
00104406
00104436
00104466
00104496
00104526
00104556
00104586
00104616
00104646
00104676
00104706
00104736
00104766
00104796
00104826
00104856
00104886
00104916
00104946
00104976
00105006
00105036
00105066
00105096
00105126
00105156
00105186
00105216
00105246
00105276
00105306
00105336
00105366
00105396
00105426
00105456
00105486
00105516
00105546
00105576
00105606
00105636
00105666
00105696
00105726
00105756
00105786
00105816
00105846
00105876
00105906
00105936
00105966
00105996
00106026
00106056
00106086
00106116
00106146
00106176
00106206
00106236
00106266
00106296
00106326
00106356
00106386
00106416
00106446
00106476
00106506
00106536
00106566
00106596
00106626
00106656
00106686
00106716
00106746
00106776
00106806
00106836
00106866
00106896
00106926
00106956
00106986
00107016
00107046
00107076
00107106
00107136
00107166
00107196
00107226
00107256
00107286
00107316
00107346
00107376
00107406
00107436
00107466
00107496
00107526
00107556
00107586
00107616
00107646
00107676
00107706
00107736
00107766
00107796
00107826
00107856
00107886
00107916
00107946
00107976
00108006
00108036
00108066
00108096
00108126
00108156
00108186
00108216
00108246
00108276
00108306
00108336
00108366
00108396
00108426
00108456
00108486
00108516
00108546
00108576
00108606
00108636
00108666
00108696
00108726
00108756
00108786
00108816
00108846
00108876
00108906
00108936
00108966
00108996
00109026
00109056
00109086
00109116
00109146
00109176
00109206
00109236
00109266
00109296
00109326
00109356
00109386
00109416
00109446
00109476
00109506
00109536
00109566
00109596
00109626
00109656
00109686
00109716
00109746
00109776
00109806
00109836
00109866
00109896
00109926
00109956
00109986
00110016
00110046
00110076
00110106
00110136
00110166
00110196
00110226
00110256
00110286
00110316
00110346
00110376
00110406
00110436
00110466
00110496
00110526
00110556
00110586
00110616
00110646
00110676
00110706
00110736
00110766
00110796
00110826
00110856
00110886
00110916
00110946
00110976
00111006
00111036
00111066
00111096
00111126
00111156
00111186
00111216
00111246
00111276
00111306
00111336
00111366
00111396
00111426
00111456
00111486
00111516
00111546
00111576
00111606
00111636
00111666
00111696
00111726
00111756
00111786
00111816
00111846
00111876
00111906
00111936
00111966
00111996
00112026
00112056
00112086
00112116
00112146
00112176
00112206
00112236
00112266
00112296
00112326
00112356
00112386
00112416
00112446
00112476
00112506
00112536
00112566
00112596
00112626
00112656
00112686
00112716
00112746
00112776
00112806
00112836
00112866
00112896
00112926
00112956
00112986
00113016
00113046
00113076
00113106
00113136
00113166
00113196
00113226
00113256
00113286
00113316
00113346
00113376
00113406
00113436
00113466
00113496
00113526
00113556
00113586
00113616
00113646
00113676
00113706
00113736
00113766
00113796
00113826
00113856
