00000000
00000030
00000060
00000090
00000120
00000150
00000180
00000210
00000240
00000270
00000300
00000330
00000360
00000390
00000420
00000450
00000480
00000510
00000540
00000570
00000600
00000630
00000660
00000690
00000720
00000750
00000780
00000810
00000840
00000870
00000900
00000930
00000960
00000990
00001020
00001050
00001080
00001110
00001140
00001170
00001200
00001230
00001260
00001290
00001320
00001350
00001380
00001410
00001440
00001470
00001500
00001530
00001560
00001590
00001620
00001650
00001680
00001710
00001740
00001770
00001800
00001830
00001860
00001890
00001920
00001950
00001980
00002010
00002040
00002070
00002100
00002130
00002160
00002190
00002220
00002250
00002280
00002310
00002340
00002370
00002400
00002430
00002460
00002490
00002520
00002550
00002580
00002610
00002640
00002670
00002700
00002730
00002760
00002790
00002820
00002850
00002880
00002910
00002940
00002970
00003000
00003030
00003060
00003090
00003120
00003150
00003180
00003210
00003240
00003270
00003300
00003330
00003360
00003390
00003420
00003450
00003480
00003510
00003540
00003570
00003600
00003630
00003660
00003690
00003720
00003750
00003780
00003810
00003840
00003870
00003900
00003930
00003960
00003990
00004020
00004050
00004080
00004110
00004140
00004170
00004200
00004230
00004260
00004290
00004320
00004350
00004380
00004410
00004440
00004470
00004500
00004530
00004560
00004590
00004620
00004650
00004680
00004710
00004740
00004770
00004800
00004830
00004860
00004890
00004920
00004950
00004980
00005010
00005040
00005070
00005100
00005130
00005160
00005190
00005220
00005250
00005280
00005310
00005340
00005370
00005400
00005430
00005460
00005490
00005520
00005550
00005580
00005610
00005640
00005670
00005700
00005730
00005760
00005790
00005820
00005850
00005880
00005910
00005940
00005970
00006000
00006030
00006060
00006090
00006120
00006150
00006180
00006210
00006240
00006270
00006300
00006330
00006360
00006390
00006420
00006450
00006480
00006510
00006540
00006570
00006600
00006630
00006660
00006690
00006720
00006750
00006780
00006810
00006840
00006870
00006900
00006930
00006960
00006990
00007020
00007050
00007080
00007110
00007140
00007170
00007200
00007230
00007260
00007290
00007320
00007350
00007380
00007410
00007440
00007470
00007500
00007530
00007560
00007590
00007620
00007650
00007680
00007710
00007740
00007770
00007800
00007830
00007860
00007890
00007920
00007950
00007980
00008010
00008040
00008070
00008100
00008130
00008160
00008190
00008220
00008250
00008280
00008310
00008340
00008370
00008400
00008430
00008460
00008490
00008520
00008550
00008580
00008610
00008640
00008670
00008700
00008730
00008760
00008790
00008820
00008850
00008880
00008910
00008940
00008970
00009000
00009030
00009060
00009090
00009120
00009150
00009180
00009210
00009240
00009270
00009300
00009330
00009360
00009390
00009420
00009450
00009480
00009510
00009540
00009570
00009600
00009630
00009660
00009690
00009720
00009750
00009780
00009810
00009840
00009870
00009900
00009930
00009960
00009990
00010020
00010050
00010080
00010110
00010140
00010170
00010200
00010230
00010260
00010290
00010320
00010350
00010380
00010410
00010440
00010470
00010500
00010530
00010560
00010590
00010620
00010650
00010680
00010710
00010740
00010770
00010800
00010830
00010860
00010890
00010920
00010950
00010980
00011010
00011040
00011070
00011100
00011130
00011160
00011190
00011220
00011250
00011280
00011310
00011340
00011370
00011400
00011430
00011460
00011490
00011520
00011550
00011580
00011610
00011640
00011670
00011700
00011730
00011760
00011790
00011820
00011850
00011880
00011910
00011940
00011970
00012000
00012030
00012060
00012090
00012120
00012150
00012180
00012210
00012240
00012270
00012300
00012330
00012360
00012390
00012420
00012450
00012480
00012510
00012540
00012570
00012600
00012630
00012660
00012690
00012720
00012750
00012780
00012810
00012840
00012870
00012900
00012930
00012960
00012990
00013020
00013050
00013080
00013110
00013140
00013170
00013200
00013230
00013260
00013290
00013320
00013350
00013380
00013410
00013440
00013470
00013500
00013530
00013560
00013590
00013620
00013650
00013680
00013710
00013740
00013770
00013800
00013830
00013860
00013890
00013920
00013950
00013980
00014010
00014040
00014070
00014100
00014130
00014160
00014190
00014220
00014250
00014280
00014310
00014340
00014370
00014400
00014430
00014460
00014490
00014520
00014550
00014580
00014610
00014640
00014670
00014700
00014730
00014760
00014790
00014820
00014850
00014880
00014910
00014940
00014970
00015000
00015030
00015060
00015090
00015120
00015150
00015180
00015210
00015240
00015270
00015300
00015330
00015360
00015390
00015420
00015450
00015480
00015510
00015540
00015570
00015600
00015630
00015660
00015690
00015720
00015750
00015780
00015810
00015840
00015870
00015900
00015930
00015960
00015990
00016020
00016050
00016080
00016110
00016140
00016170
00016200
00016230
00016260
00016290
00016320
00016350
00016380
00016410
00016440
00016470
00016500
00016530
00016560
00016590
00016620
00016650
00016680
00016710
00016740
00016770
00016800
00016830
00016860
00016890
00016920
00016950
00016980
00017010
00017040
00017070
00017100
00017130
00017160
00017190
00017220
00017250
00017280
00017310
00017340
00017370
00017400
00017430
00017460
00017490
00017520
00017550
00017580
00017610
00017640
00017670
00017700
00017730
00017760
00017790
00017820
00017850
00017880
00017910
00017940
00017970
00018000
00018030
00018060
00018090
00018120
00018150
00018180
00018210
00018240
00018270
00018300
00018330
00018360
00018390
00018420
00018450
00018480
00018510
00018540
00018570
00018600
00018630
00018660
00018690
00018720
00018750
00018780
00018810
00018840
00018870
00018900
00018930
00018960
00018990
00019020
00019050
00019080
00019110
00019140
00019170
00019200
00019230
00019260
00019290
00019320
00019350
00019380
00019410
00019440
00019470
00019500
00019530
00019560
00019590
00019620
00019650
00019680
00019710
00019740
00019770
00019800
00019830
00019860
00019890
00019920
00019950
00019980
00020010
00020040
00020070
00020100
00020130
00020160
00020190
00020220
00020250
00020280
00020310
00020340
00020370
00020400
00020430
00020460
00020490
00020520
00020550
00020580
00020610
00020640
00020670
00020700
00020730
00020760
00020790
00020820
00020850
00020880
00020910
00020940
00020970
00021000
00021030
00021060
00021090
00021120
00021150
00021180
00021210
00021240
00021270
00021300
00021330
00021360
00021390
00021420
00021450
00021480
00021510
00021540
00021570
00021600
00021630
00021660
00021690
00021720
00021750
00021780
00021810
00021840
00021870
00021900
00021930
00021960
00021990
00022020
00022050
00022080
00022110
00022140
00022170
00022200
00022230
00022260
00022290
00022320
00022350
00022380
00022410
00022440
00022470
00022500
00022530
00022560
00022590
00022620
00022650
00022680
00022710
00022740
00022770
00022800
00022830
00022860
00022890
00022920
00022950
00022980
00023010
00023040
00023070
00023100
00023130
00023160
00023190
00023220
00023250
00023280
00023310
00023340
00023370
00023400
00023430
00023460
00023490
00023520
00023550
00023580
00023610
00023640
00023670
00023700
00023730
00023760
00023790
00023820
00023850
00023880
00023910
00023940
00023970
00024000
00024030
00024060
00024090
00024120
00024150
00024180
00024210
00024240
00024270
00024300
00024330
00024360
00024390
00024420
00024450
00024480
00024510
00024540
00024570
00024600
00024630
00024660
00024690
00024720
00024750
00024780
00024810
00024840
00024870
00024900
00024930
00024960
00024990
00025020
00025050
00025080
00025110
00025140
00025170
00025200
00025230
00025260
00025290
00025320
00025350
00025380
00025410
00025440
00025470
00025500
00025530
00025560
00025590
00025620
00025650
00025680
00025710
00025740
00025770
00025800
00025830
00025860
00025890
00025920
00025950
00025980
00026010
00026040
00026070
00026100
00026130
00026160
00026190
00026220
00026250
00026280
00026310
00026340
00026370
00026400
00026430
00026460
00026490
00026520
00026550
00026580
00026610
00026640
00026670
00026700
00026730
00026760
00026790
00026820
00026850
00026880
00026910
00026940
00026970
00027000
00027030
00027060
00027090
00027120
00027150
00027180
00027210
00027240
00027270
00027300
00027330
00027360
00027390
00027420
00027450
00027480
00027510
00027540
00027570
00027600
00027630
00027660
00027690
00027720
00027750
00027780
00027810
00027840
00027870
00027900
00027930
00027960
00027990
00028020
00028050
00028080
00028110
00028140
00028170
00028200
00028230
00028260
00028290
00028320
00028350
00028380
00028410
00028440
00028470
00028500
00028530
00028560
00028590
00028620
00028650
00028680
00028710
00028740
00028770
00028800
00028830
00028860
00028890
00028920
00028950
00028980
00029010
00029040
00029070
00029100
00029130
00029160
00029190
00029220
00029250
00029280
00029310
00029340
00029370
00029400
00029430
00029460
00029490
00029520
00029550
00029580
00029610
00029640
00029670
00029700
00029730
00029760
00029790
00029820
00029850
00029880
00029910
00029940
00029970
00030000
00030030
00030060
00030090
00030120
00030150
00030180
00030210
00030240
00030270
00030300
00030330
00030360
00030390
00030420
00030450
00030480
00030510
00030540
00030570
00030600
00030630
00030660
00030690
00030720
00030750
00030780
00030810
00030840
00030870
00030900
00030930
00030960
00030990
00031020
00031050
00031080
00031110
00031140
00031170
00031200
00031230
00031260
00031290
00031320
00031350
00031380
00031410
00031440
00031470
00031500
00031530
00031560
00031590
00031620
00031650
00031680
00031710
00031740
00031770
00031800
00031830
00031860
00031890
00031920
00031950
00031980
00032010
00032040
00032070
00032100
00032130
00032160
00032190
00032220
00032250
00032280
00032310
00032340
00032370
00032400
00032430
00032460
00032490
00032520
00032550
00032580
00032610
00032640
00032670
00032700
00032730
00032760
00032790
00032820
00032850
00032880
00032910
00032940
00032970
00033000
00033030
00033060
00033090
00033120
00033150
00033180
00033210
00033240
00033270
00033300
00033330
00033360
00033390
00033420
00033450
00033480
00033510
00033540
00033570
00033600
00033630
00033660
00033690
00033720
00033750
00033780
00033810
00033840
00033870
00033900
00033930
00033960
00033990
00034020
00034050
00034080
00034110
00034140
00034170
00034200
00034230
00034260
00034290
00034320
00034350
00034380
00034410
00034440
00034470
00034500
00034530
00034560
00034590
00034620
00034650
00034680
00034710
00034740
00034770
00034800
00034830
00034860
00034890
00034920
00034950
00034980
00035010
00035040
00035070
00035100
00035130
00035160
00035190
00035220
00035250
00035280
00035310
00035340
00035370
00035400
00035430
00035460
00035490
00035520
00035550
00035580
00035610
00035640
00035670
00035700
00035730
00035760
00035790
00035820
00035850
00035880
00035910
00035940
00035970
00036000
00036030
00036060
00036090
00036120
00036150
00036180
00036210
00036240
00036249
00036279
00036309
00036339
00036369
00036399
00036429
00036459
00036489
00036519
00036549
00036579
00036609
00036639
00036669
00036699
00036729
00036759
00036789
00036819
00036849
00036879
00036909
00036939
00036969
00036999
00037029
00037059
00037089
00037119
00037149
00037179
00037209
00037239
00037269
00037299
00037329
00037359
00037389
00037419
00037449
00037479
00037509
00037539
00037569
00037599
00037629
00037659
00037689
00037719
00037749
00037779
00037809
00037839
00037869
00037899
00037929
00037959
00037989
00038019
00038049
00038079
00038109
00038139
00038169
00038199
00038229
00038259
00038289
00038319
00038349
00038379
00038409
00038439
00038469
00038499
00038529
00038559
00038589
00038619
00038649
00038679
00038709
00038739
00038769
00038799
00038829
00038859
00038889
00038919
00038949
00038979
00039009
00039039
00039069
00039099
00039129
00039159
00039189
00039219
00039249
00039279
00039309
00039339
00039369
00039399
00039429
00039459
00039489
00039519
00039549
00039579
00039609
00039639
00039669
00039699
00039729
00039759
00039789
00039819
00039849
00039879
00039909
00039939
00039969
00039999
00040029
00040059
00040089
00040119
00040149
00040179
00040209
00040239
00040269
00040299
00040329
00040359
00040389
00040419
00040449
00040479
00040509
00040539
00040569
00040599
00040629
00040659
00040689
00040719
00040749
00040779
00040809
00040839
00040869
00040899
00040929
00040959
00040989
00041019
00041049
00041079
00041109
00041139
00041169
00041199
00041229
00041259
00041289
00041319
00041349
00041379
00041409
00041439
00041469
00041499
00041529
00041559
00041589
00041619
00041649
00041679
00041709
00041739
00041769
00041799
00041829
00041859
00041889
00041919
00041949
00041979
00042009
00042039
00042069
00042099
00042129
00042159
00042189
00042219
00042249
00042279
00042309
00042339
00042369
00042399
00042429
00042459
00042489
00042519
00042549
00042579
00042609
00042639
00042669
00042699
00042729
00042759
00042789
00042819
00042849
00042879
00042909
00042939
00042969
00042999
00043029
00043059
00043089
00043119
00043149
00043179
00043209
00043239
00043269
00043299
00043329
00043359
00043389
00043419
00043449
00043479
00043509
00043539
00043569
00043599
00043629
00043659
00043689
00043719
00043749
00043779
00043809
00043839
00043869
00043899
00043929
00043959
00043989
00044019
00044049
00044079
00044109
00044139
00044169
00044199
00044229
00044259
00044289
00044319
00044349
00044379
00044409
00044439
00044469
00044499
00044529
00044559
00044589
00044619
00044649
00044679
00044709
00044739
00044769
00044799
00044829
00044859
00044889
00044919
00044949
00044979
00045009
00045039
00045069
00045099
00045129
00045159
00045189
00045219
00045249
00045279
00045309
00045339
00045369
00045399
00045429
00045459
00045489
00045519
00045549
00045579
00045609
00045639
00045669
00045699
00045729
00045759
00045789
00045819
00045849
00045879
00045909
00045939
00045969
00045999
00046029
00046059
00046089
00046119
00046149
00046179
00046209
00046239
00046269
00046299
00046329
00046359
00046389
00046419
00046449
00046479
00046509
00046539
00046569
00046599
00046629
00046659
00046689
00046719
00046749
00046779
00046809
00046839
00046869
00046899
00046929
00046959
00046989
00047019
00047049
00047079
00047109
00047139
00047169
00047199
00047229
00047259
00047274
00047304
00047334
00047364
00047394
00047424
00047454
00047484
00047514
00047544
00047574
00047604
00047634
00047664
00047694
00047724
00047754
00047784
00047814
00047844
00047874
00047904
00047934
00047964
00047994
00048024
00048054
00048084
00048114
00048144
00048174
00048204
00048234
